Date,Open,High,Low,Close,Volume,Ticker,Merged,OriginalDates
1999-11-18,32.54649353027344,35.765380859375,28.612302780151367,31.473533630371094,62546380,A,False,1999-11-18
1999-11-19,30.713518142700195,30.75822639465332,28.47818374633789,28.880544662475582,15234146,A,False,1999-11-19
1999-11-22,29.551143646240234,31.473533630371094,28.65700912475586,31.473533630371094,6577870,A,False,1999-11-22
1999-11-26,29.685264587402344,29.685264587402344,28.612302780151367,29.46173095703125,12548308,,False,1999-11-26
1999-11-29,29.327611923217773,30.355865478515625,29.014663696289062,30.13233184814453,4074751,A,False,1999-11-29
1999-11-30,30.04291725158692,30.713518142700195,29.28290367126465,30.177038192749023,4310034,A,False,1999-11-30
1999-12-01,30.177038192749023,31.0711727142334,29.95350456237793,30.713518142700195,2957329,A,False,1999-12-01
1999-12-02,31.29470634460449,32.1888427734375,30.8923454284668,31.56294631958008,3069868,A,False,1999-12-02
1999-12-03,32.144134521484375,32.68061447143555,31.697067260742188,31.831186294555664,3041629,A,False,1999-12-03
1999-12-06,32.36766815185547,33.21709442138672,32.322959899902344,32.72532272338867,2250780,A,False,1999-12-06
1999-12-08,32.63590621948242,32.63590621948242,31.697067260742188,32.322959899902344,4103829,,False,1999-12-08
1999-12-13,32.36766815185547,33.082977294921875,32.36766815185547,32.54649353027344,7714303,,False,1999-12-13
1999-12-14,32.45708084106445,32.45708084106445,30.08762550354004,30.75822639465332,2328928,A,False,1999-12-14
1999-12-15,30.04291725158692,30.26645278930664,29.327611923217773,29.819385528564453,2917766,A,False,1999-12-15
1999-12-20,32.993560791015625,33.798282623291016,32.993560791015625,33.53004455566406,7488806,,False,1999-12-20
1999-12-21,33.39592361450195,33.39592361450195,32.90414810180664,33.35121536254883,2259448,A,False,1999-12-21
1999-12-22,33.35121536254883,34.02181625366211,33.127681732177734,34.02181625366211,1905754,A,False,1999-12-22
1999-12-23,33.97711181640625,35.765380859375,33.932403564453125,35.586551666259766,2159491,A,False,1999-12-23
1999-12-27,35.720672607421875,38.0454216003418,35.452430725097656,37.77718353271485,2029616,A,False,1999-12-27
1999-12-28,38.80543518066406,43.99141693115234,38.58190155029297,43.99141693115234,3560007,A,False,1999-12-28
1999-12-29,45.06437683105469,56.55400466918945,45.01967239379883,51.50214767456055,10518552,A,False,1999-12-29
1999-12-31,54.54220199584961,57.224605560302734,54.54220199584961,55.30221557617188,8602313,,False,1999-12-31
2000-01-03,56.33047103881836,56.46459197998047,48.19384765625,51.50214767456055,4674353,A,False,2000-01-03
2000-01-04,48.73032760620117,49.26681137084961,46.316165924072266,47.56795501708984,4765083,A,False,2000-01-04
2000-01-05,47.38912582397461,47.56795501708984,43.14199066162109,44.6173095703125,5758642,A,False,2000-01-05
2000-01-06,44.08082962036133,44.34907150268555,41.57725143432617,42.918453216552734,2534434,A,False,2000-01-06
2000-01-07,42.24785232543945,47.16559219360352,42.2031478881836,46.49499130249024,2819626,A,False,2000-01-07
2000-01-10,49.356224060058594,49.80329132080078,48.32796859741211,49.31151580810547,2148446,A,False,2000-01-10
2000-01-11,49.31151580810547,49.31151580810547,47.52324676513672,48.64091491699219,1855985,A,False,2000-01-11
2000-01-12,48.64091491699219,48.64091491699219,45.82439041137695,47.65736770629883,1429874,A,False,2000-01-12
2000-01-14,48.909156799316406,49.93741226196289,47.92560958862305,48.909156799316406,2451253,,False,2000-01-14
2000-01-19,49.93741226196289,52.1280403137207,49.93741226196289,50.07152938842773,4726638,,False,2000-01-19
2000-01-20,50.608009338378906,50.69742584228516,48.28326034545898,48.73032760620117,2007947,A,False,2000-01-20
2000-01-21,49.44563674926758,49.62446212768555,47.52324676513672,49.17739486694336,1918336,A,False,2000-01-21
2000-01-24,48.99856948852539,51.36802673339844,48.64091491699219,48.99856948852539,2095882,A,False,2000-01-24
2000-01-26,49.17739486694336,49.53504943847656,47.52324676513672,48.86444854736328,2176126,,False,2000-01-26
2000-01-28,49.98211669921875,50.42918395996094,48.238555908203125,48.68562316894531,2477815,,False,2000-01-28
2000-01-31,48.32796859741211,48.372676849365234,46.316165924072266,47.34442138671875,1040392,A,False,2000-01-31
2000-02-01,47.38912582397461,51.50214767456055,47.38912582397461,50.78683853149414,1404291,A,False,2000-02-01
2000-02-02,51.4127311706543,54.72103118896485,51.1891975402832,54.72103118896485,1945177,A,False,2000-02-02
2000-02-04,53.782188415527344,55.61516571044922,53.648067474365234,54.54220199584961,2925175,,False,2000-02-04
2000-02-07,55.570457458496094,57.224605560302734,54.54220199584961,56.8669548034668,1274277,A,False,2000-02-07
2000-02-08,57.76108551025391,58.78934097290039,55.97281646728516,56.5093002319336,1169707,A,False,2000-02-08
2000-02-10,55.52574920654297,56.2857666015625,53.87160110473633,54.85514831542969,2249662,,False,2000-02-10
2000-02-14,54.72103118896485,54.94456481933594,53.513946533203125,54.67632293701172,1589387,,False,2000-02-14
2000-02-18,62.99177551269531,69.38483428955078,62.99177551269531,67.06008911132812,8824316,,False,2000-02-18
2000-02-22,68.66952514648438,69.653076171875,64.377685546875,65.45064544677734,2227993,A,False,2000-02-22
2000-02-23,65.54005432128906,71.88841247558594,65.54005432128906,70.8154525756836,1690042,A,False,2000-02-23
2000-02-25,73.85550689697266,82.57331848144531,73.85550689697266,77.3426284790039,5004561,,False,2000-02-25
2000-02-29,76.44850158691406,76.44850158691406,70.27896881103516,74.30257415771484,2633412,,False,2000-02-29
2000-03-01,74.74964141845703,79.93562316894531,74.57081604003906,78.05793762207031,1037875,A,False,2000-03-01
2000-03-02,78.63912963867188,78.68383026123047,73.31903076171875,75.31965637207031,1188300,A,False,2000-03-02
2000-03-03,75.06259155273438,79.93562316894531,75.06259155273438,77.25321960449219,1215841,A,False,2000-03-03
2000-03-09,103.71959686279295,115.87982940673828,103.71959686279295,109.44206237792967,19872850,,False,2000-03-09
2000-03-10,109.44206237792967,110.78326416015624,100.14305877685548,101.57367706298828,2479353,A,False,2000-03-10
2000-03-13,93.0346908569336,99.38304901123048,92.63233184814452,93.88411712646484,2626702,A,False,2000-03-13
2000-03-14,95.13591003417967,97.28182983398438,85.03218841552734,86.8204574584961,3522960,A,False,2000-03-14
2000-03-15,91.6487808227539,91.6487808227539,81.00858306884766,81.72389221191406,3046242,A,False,2000-03-15
2000-03-16,82.97567749023438,87.98283386230469,80.11444854736328,84.45100402832031,2769578,A,False,2000-03-16
2000-03-17,85.34513854980469,90.84406280517578,84.4957046508789,86.64163208007812,1563803,A,False,2000-03-17
2000-03-20,86.14985656738281,86.90987396240234,80.82975769042969,81.3662338256836,1420648,A,False,2000-03-20
2000-03-21,79.2203140258789,82.26036834716797,75.6437759399414,82.26036834716797,2528283,A,False,2000-03-21
2000-03-22,81.23211669921875,86.50750732421875,78.01322937011719,85.4345474243164,1967965,A,False,2000-03-22
2000-03-23,85.30043029785156,88.5193099975586,83.69098663330078,85.61337280273438,1951888,A,False,2000-03-23
2000-03-24,84.9427719116211,86.55221557617188,83.15450286865234,85.83690643310547,1230520,A,False,2000-03-24
2000-03-27,84.54041290283203,85.47925567626953,80.96387481689453,81.72389221191406,846769,A,False,2000-03-27
2000-03-28,81.5450668334961,87.22281646728516,81.18740844726562,85.21101379394531,1392548,A,False,2000-03-28
2000-03-29,85.1216049194336,86.55221557617188,78.68383026123047,80.11444854736328,1250371,A,False,2000-03-29
2000-03-30,77.38733673095703,80.47209930419922,70.90486145019531,75.1072998046875,2034230,A,False,2000-03-30
2000-04-03,73.85550689697266,73.85550689697266,64.377685546875,70.10014343261719,5763815,,False,2000-04-03
2000-04-05,70.10014343261719,71.44134521484375,58.65522384643555,69.34012603759766,5629047,,False,2000-04-05
2000-04-06,70.3683853149414,75.1072998046875,69.4295425415039,75.1072998046875,1375073,A,False,2000-04-06
2000-04-07,76.89556121826172,89.41344451904297,76.5826187133789,87.26752471923828,2975224,A,False,2000-04-07
2000-04-10,87.26752471923828,87.26752471923828,75.37553405761719,76.62732696533203,2956071,A,False,2000-04-10
2000-04-11,72.24606323242188,75.01788330078125,71.21781158447266,72.20136260986328,1896107,A,False,2000-04-11
2000-04-13,69.38483428955078,69.38483428955078,59.37052917480469,64.377685546875,8088129,,False,2000-04-13
2000-04-14,62.76824188232422,63.97532272338867,57.93991470336914,59.1469955444336,2862685,A,False,2000-04-14
2000-04-17,57.26931381225586,59.10228729248047,52.26216125488281,56.8669548034668,2757555,A,False,2000-04-17
2000-04-18,55.79399108886719,62.94706726074219,53.73748016357422,62.23175811767578,3758243,A,False,2000-04-18
2000-04-19,62.23175811767578,64.33297729492188,60.08583831787109,62.410587310791016,2423992,A,False,2000-04-19
2000-04-24,62.8576545715332,66.0765380859375,62.5,65.54005432128906,3151651,,False,2000-04-24
2000-04-26,67.68598175048828,68.35658264160156,65.54005432128906,65.71888732910156,2099796,,False,2000-04-26
2000-04-27,63.75178909301758,66.70243072509766,63.662376403808594,64.9141616821289,2281256,A,False,2000-04-27
2000-04-28,64.377685546875,64.4223861694336,62.18705368041992,63.394134521484375,1779374,A,False,2000-04-28
2000-05-01,63.394134521484375,68.84835815429688,63.394134521484375,68.22245788574219,1895688,A,False,2000-05-01
2000-05-02,70.27896881103516,74.48139953613281,69.69778442382812,72.07841491699219,4259426,A,False,2000-05-02
2000-05-03,69.74249267578125,70.10014343261719,64.10944366455078,65.45064544677734,2327390,A,False,2000-05-03
2000-05-04,65.45064544677734,65.45064544677734,63.12589263916016,64.55651092529297,1188300,A,False,2000-05-04
2000-05-05,64.51180267333984,66.83655548095703,64.10944366455078,65.40593719482422,1263373,A,False,2000-05-05
2000-05-08,65.71888732910156,65.71888732910156,60.48819732666016,60.622318267822266,1078277,A,False,2000-05-08
2000-05-09,61.15879821777344,61.87410736083984,56.19635009765625,57.35872650146485,1718561,A,False,2000-05-09
2000-05-11,56.5093002319336,56.77753829956055,54.184547424316406,54.7657356262207,3283343,,False,2000-05-11
2000-05-16,62.94706726074219,70.10014343261719,62.94706726074219,63.30472183227539,23779560,,False,2000-05-16
2000-05-17,59.549354553222656,59.90700912475586,54.94456481933594,55.79399108886719,12450728,A,False,2000-05-17
2000-05-18,55.79399108886719,56.46459197998047,50.78683853149414,50.78683853149414,6153437,A,False,2000-05-18
2000-05-19,51.993919372558594,53.42453384399414,47.299713134765625,47.65736770629883,5261093,A,False,2000-05-19
2000-05-22,47.92560958862305,48.64091491699219,42.87374877929688,44.6173095703125,7820692,A,False,2000-05-22
2000-05-23,44.30436325073242,45.24320602416992,40.4595832824707,41.48783874511719,5214680,A,False,2000-05-23
2000-05-24,41.30901336669922,42.87374877929688,38.626609802246094,42.2031478881836,7957276,A,False,2000-05-24
2000-05-26,46.00321960449219,49.17739486694336,46.00321960449219,46.49499130249024,12634425,,False,2000-05-26
2000-05-30,47.34442138671875,54.67632293701172,47.255008697509766,53.91630935668945,5338822,A,False,2000-05-30
2000-06-01,52.932762145996094,55.9281120300293,52.03862762451172,52.21745300292969,8356545,,False,2000-06-01
2000-06-02,52.57510757446289,58.65522384643555,52.57510757446289,58.47639465332031,17086356,A,False,2000-06-02
2000-06-05,57.93991470336914,59.90700912475586,54.72103118896485,56.5093002319336,10643114,A,False,2000-06-05
2000-06-06,53.782188415527344,54.00572204589844,49.40092849731445,50.78683853149414,12180774,A,False,2000-06-06
2000-06-08,49.93741226196289,49.93741226196289,46.85264587402344,49.44563674926758,20993626,,False,2000-06-08
2000-06-09,49.892704010009766,52.08333206176758,49.892704010009766,50.69742584228516,9270138,A,False,2000-06-09
2000-06-12,51.94921112060547,51.94921112060547,46.67382049560547,47.21030044555664,5674901,A,False,2000-06-12
2000-06-15,46.1373405456543,48.59621047973633,46.1373405456543,47.16559219360352,20127006,,False,2000-06-15
2000-06-16,47.34442138671875,47.6126594543457,44.34907150268555,44.79613876342773,6487699,A,False,2000-06-16
2000-06-19,44.43848419189453,49.356224060058594,44.43848419189453,48.64091491699219,6811475,A,False,2000-06-19
2000-06-20,49.31151580810547,54.273963928222656,48.909156799316406,52.66452026367188,11718176,A,False,2000-06-20
2000-06-22,53.20100021362305,57.17990112304688,53.20100021362305,54.184547424316406,15711423,,False,2000-06-22
2000-06-26,52.88805389404297,54.586910247802734,52.84334945678711,53.73748016357422,7793850,,False,2000-06-26
2000-06-27,53.55865478515625,54.94456481933594,53.02217483520508,53.96101760864258,4110120,A,False,2000-06-27
2000-06-28,56.33047103881836,57.35872650146485,55.61516571044922,56.8669548034668,9895184,A,False,2000-06-28
2000-06-29,57.13519287109375,57.17990112304688,53.648067474365234,54.273963928222656,8660750,A,False,2000-06-29
2000-06-30,54.85514831542969,56.8669548034668,52.68687438964844,52.75393295288086,8280214,A,False,2000-06-30
2000-07-03,52.932762145996094,53.06687927246094,51.32331848144531,52.709228515625,3195688,A,False,2000-07-03
2000-07-05,51.59156036376953,51.993919372558594,49.80329132080078,50.25035858154297,5399915,A,False,2000-07-05
2000-07-10,50.07152938842773,50.25035858154297,47.74678039550781,48.99856948852539,15556384,,False,2000-07-10
2000-07-11,48.64091491699219,49.04327774047852,47.299713134765625,48.14914321899414,4176665,A,False,2000-07-11
2000-07-12,49.66917037963867,50.51859664916992,48.68562316894531,49.356224060058594,3792494,A,False,2000-07-12
2000-07-13,49.356224060058594,51.85979843139648,49.17739486694336,50.78683853149414,5840564,A,False,2000-07-13
2000-07-14,51.144493103027344,55.97281646728516,51.144493103027344,55.12339019775391,7603582,A,False,2000-07-14
2000-07-17,54.9892692565918,57.895206451416016,54.54220199584961,55.97281646728516,6166159,A,False,2000-07-17
2000-07-18,55.79399108886719,55.79399108886719,52.932762145996094,54.81044387817383,3661502,A,False,2000-07-18
2000-07-20,54.36337661743164,54.408084869384766,38.626609802246094,38.626609802246094,7090656,,False,2000-07-20
2000-07-24,35.899497985839844,35.899497985839844,33.082977294921875,35.4077262878418,50429215,,False,2000-07-24
2000-07-25,35.09477615356445,35.4077262878418,32.010013580322266,32.010013580322266,9135790,A,False,2000-07-25
2000-07-26,32.85944366455078,33.35121536254883,30.62410545349121,30.75822639465332,11385312,A,False,2000-07-26
2000-07-27,31.65236091613769,32.144134521484375,28.880544662475582,29.14878463745117,9849609,A,False,2000-07-27
2000-07-28,29.864091873168945,29.95350456237793,28.254648208618164,29.506437301635746,9616982,A,False,2000-07-28
2000-07-31,29.372318267822266,30.177038192749023,28.701717376708984,29.14878463745117,8053179,A,False,2000-07-31
2000-08-02,29.104076385498047,29.46173095703125,28.254648208618164,28.701717376708984,12679860,,False,2000-08-02
2000-08-03,27.98640823364257,29.327611923217773,27.58404922485352,29.327611923217773,8592108,A,False,2000-08-03
2000-08-04,28.96995735168457,29.64055824279785,28.34406280517578,28.65700912475586,5152469,A,False,2000-08-04
2000-08-07,29.059371948242188,29.506437301635746,27.8522891998291,28.43347549438477,5560825,A,False,2000-08-07
2000-08-08,28.38876914978028,28.38876914978028,27.315807342529297,27.76287651062012,5116121,A,False,2000-08-08
2000-08-10,27.718168258666992,28.522890090942383,27.6734619140625,27.8969955444336,7804195,,False,2000-08-10
2000-08-11,28.43347549438477,29.193490982055664,27.8522891998291,29.059371948242188,3431251,A,False,2000-08-11
2000-08-14,30.04291725158692,31.160587310791016,29.685264587402344,31.11587905883789,5536080,A,False,2000-08-14
2000-08-15,31.29470634460449,31.65236091613769,30.40057182312012,30.40057182312012,4487440,A,False,2000-08-15
2000-08-16,30.57939910888672,31.11587905883789,29.774677276611328,31.11587905883789,3141306,A,False,2000-08-16
2000-08-17,30.847639083862305,33.798282623291016,30.847639083862305,33.261802673339844,9532403,A,False,2000-08-17
2000-08-18,41.30901336669922,41.57725143432617,39.38662338256836,40.32546615600586,17783678,A,False,2000-08-18
2000-08-22,42.24785232543945,43.27610778808594,42.24785232543945,43.27610778808594,13547739,,False,2000-08-22
2000-08-24,42.82904052734375,43.41022872924805,42.42668151855469,42.739627838134766,6294635,,False,2000-08-24
2000-08-25,42.69491958618164,42.96316146850586,41.53254699707031,41.84549331665039,2444123,A,False,2000-08-25
2000-08-28,41.71137237548828,42.11373519897461,40.951358795166016,41.934906005859375,3708894,A,False,2000-08-28
2000-08-30,43.54434967041016,45.77968597412109,43.54434967041016,43.90200424194336,9468793,,False,2000-08-30
2000-08-31,44.08082962036133,44.43848419189453,42.739627838134766,43.63376235961914,3479902,A,False,2000-08-31
2000-09-05,43.81258773803711,44.8408432006836,43.81258773803711,44.21495056152344,5183224,,False,2000-09-05
2000-09-06,44.12553787231445,44.6173095703125,42.78433609008789,42.918453216552734,2235402,A,False,2000-09-06
2000-09-07,42.918453216552734,44.43848419189453,42.38197326660156,44.25965881347656,2123003,A,False,2000-09-07
2000-09-08,43.32081604003906,43.678470611572266,42.29256057739258,42.38197326660156,2015776,A,False,2000-09-08
2000-09-11,42.2031478881836,42.2031478881836,40.05722427368164,40.59370422363281,2978858,A,False,2000-09-11
2000-09-12,39.92310333251953,41.3984260559082,39.341915130615234,39.341915130615234,2830251,A,False,2000-09-12
2000-09-13,40.59370422363281,40.59370422363281,38.313663482666016,39.341915130615234,3523240,A,False,2000-09-13
2000-09-14,39.78898239135742,40.951358795166016,39.74427795410156,39.87839889526367,3569094,A,False,2000-09-14
2000-09-15,39.83369064331055,42.06902694702149,39.78898239135742,40.77253341674805,3772783,A,False,2000-09-15
2000-09-18,40.86194610595703,41.264305114746094,37.55364990234375,38.626609802246094,4730692,A,False,2000-09-18
2000-09-19,38.313663482666016,38.626609802246094,37.19599533081055,38.53719711303711,3198065,A,False,2000-09-19
2000-09-20,38.313663482666016,38.53719711303711,37.01716613769531,37.55364990234375,1968104,A,False,2000-09-20
2000-09-22,35.765380859375,35.765380859375,33.61945724487305,35.765380859375,6375020,,False,2000-09-22
2000-09-25,35.94420623779297,37.15128707885742,34.4688835144043,34.55829620361328,2388483,A,False,2000-09-25
2000-09-26,34.69241714477539,35.27360534667969,32.278255462646484,32.322959899902344,3050156,A,False,2000-09-26
2000-09-27,33.03826904296875,33.44062805175781,31.74177360534668,32.90414810180664,3916777,A,False,2000-09-27
2000-09-28,32.948856353759766,34.64771270751953,32.948856353759766,34.30123519897461,4224616,A,False,2000-09-28
2000-09-29,34.55829620361328,35.586551666259766,34.200645446777344,35.00536346435547,3677439,A,False,2000-09-29
2000-10-02,35.13948440551758,36.74892807006836,35.13948440551758,36.16773986816406,3008216,A,False,2000-10-02
2000-10-03,36.48068618774414,39.69956970214844,35.988914489746094,38.00071334838867,5556071,A,False,2000-10-03
2000-10-05,39.07367706298828,41.934906005859375,39.07367706298828,39.43133163452149,9530026,,False,2000-10-05
2000-10-06,39.92310333251953,40.01251983642578,36.61480712890625,37.33011245727539,2791806,A,False,2000-10-06
2000-10-10,37.28540802001953,37.28540802001953,34.603004455566406,35.452430725097656,5252007,,False,2000-10-10
2000-10-11,34.33476257324219,34.55829620361328,32.05472183227539,32.77002716064453,5527832,A,False,2000-10-11
2000-10-12,33.48533630371094,33.70886993408203,30.98176002502441,32.010013580322266,4176665,A,False,2000-10-12
2000-10-13,31.11587905883789,32.23354721069336,30.62410545349121,31.74177360534668,5075439,A,False,2000-10-13
2000-10-16,32.09942626953125,34.8265380859375,31.87589454650879,33.21709442138672,4157233,A,False,2000-10-16
2000-10-17,33.3065071105957,33.35121536254883,30.48998641967773,30.98176002502441,2883235,A,False,2000-10-17
2000-10-18,29.014663696289062,30.355865478515625,28.075822830200195,29.23819732666016,5637854,A,False,2000-10-18
2000-10-19,30.40057182312012,32.144134521484375,30.26645278930664,31.29470634460449,4599839,A,False,2000-10-19
2000-10-20,31.29470634460449,34.111228942871094,31.25,33.3065071105957,4653662,A,False,2000-10-20
2000-10-24,33.97711181640625,37.10658264160156,33.97711181640625,34.37947082519531,8651244,,False,2000-10-24
2000-10-25,32.09942626953125,32.412376403808594,30.22174453735352,30.48998641967773,5268503,A,False,2000-10-25
2000-10-26,30.48998641967773,31.87589454650879,30.04291725158692,31.473533630371094,6379074,A,False,2000-10-26
2000-10-27,32.814735412597656,33.798282623291016,32.144134521484375,32.72532272338867,4527143,A,False,2000-10-27
2000-10-30,32.05472183227539,32.90414810180664,31.29470634460449,32.54649353027344,2719529,A,False,2000-10-30
2000-10-31,32.63590621948242,34.066524505615234,32.63590621948242,33.127681732177734,3913002,A,False,2000-10-31
2000-11-01,32.90414810180664,33.84299087524414,32.59120178222656,33.48533630371094,3398119,A,False,2000-11-01
2000-11-02,33.70886993408203,34.8265380859375,33.53004455566406,34.42417526245117,3432789,A,False,2000-11-02
2000-11-06,33.57474899291992,33.57474899291992,32.77002716064453,33.17238998413086,4742575,,False,2000-11-06
2000-11-08,32.63590621948242,33.127681732177734,31.4288272857666,31.74177360534668,4577891,,False,2000-11-08
2000-11-09,31.92060089111328,31.92060089111328,29.72997093200684,31.160587310791016,3967384,A,False,2000-11-09
2000-11-10,30.04291725158692,30.57939910888672,28.120529174804688,28.209943771362305,4960104,A,False,2000-11-10
2000-11-13,28.031116485595703,29.14878463745117,27.226394653320312,28.120529174804688,5977289,A,False,2000-11-13
2000-11-14,28.880544662475582,30.80293273925781,28.79113006591797,30.48998641967773,3953125,A,False,2000-11-14
2000-11-15,30.57939910888672,31.56294631958008,30.22174453735352,31.026466369628903,2409872,A,False,2000-11-15
2000-11-16,30.713518142700195,31.25,29.506437301635746,29.774677276611328,2773912,A,False,2000-11-16
2000-11-20,31.473533630371094,33.97711181640625,31.339412689208984,31.92060089111328,12009100,,False,2000-11-20
2000-11-21,34.781829833984375,36.12303161621094,33.127681732177734,34.781829833984375,10100690,A,False,2000-11-21
2000-11-22,34.781829833984375,35.050071716308594,32.54649353027344,34.33476257324219,3668492,A,False,2000-11-22
2000-11-24,34.96065902709961,36.838340759277344,34.8265380859375,36.43598175048828,1746521,A,False,2000-11-24
2000-11-27,36.43598175048828,37.15128707885742,35.765380859375,36.12303161621094,2995495,A,False,2000-11-27
2000-11-28,36.12303161621094,37.73247528076172,36.07832717895508,36.25715255737305,3540155,A,False,2000-11-28
2000-11-29,36.92775344848633,38.626609802246094,36.52539443969727,38.53719711303711,4385107,A,False,2000-11-29
2000-11-30,37.91130065917969,38.0454216003418,36.21244430541992,37.33011245727539,4962620,A,False,2000-11-30
2000-12-01,37.86659622192383,39.11838150024414,37.73247528076172,37.91130065917969,3628649,A,False,2000-12-01
2000-12-04,37.240699768066406,37.95600891113281,36.12303161621094,36.48068618774414,2895118,A,False,2000-12-04
2000-12-06,37.73247528076172,40.72782516479492,37.59835433959961,37.59835433959961,9839264,,False,2000-12-06
2000-12-07,37.55364990234375,39.25250244140625,36.74892807006836,38.626609802246094,3059942,A,False,2000-12-07
2000-12-14,41.53254699707031,42.82904052734375,41.53254699707031,42.38197326660156,18067892,,False,2000-12-14
2000-12-18,41.66666793823242,41.66666793823242,38.9842643737793,40.77253341674805,9454394,,False,2000-12-18
2000-12-19,40.77253341674805,42.82904052734375,40.63841247558594,40.81723785400391,3278590,A,False,2000-12-19
2000-12-20,39.07367706298828,39.11838150024414,36.16773986816406,37.55364990234375,4698678,A,False,2000-12-20
2000-12-21,37.55364990234375,38.51484298706055,35.67596435546875,36.74892807006836,4023724,A,False,2000-12-21
2000-12-26,37.91130065917969,39.87839889526367,37.91130065917969,38.26895523071289,4137800,,False,2000-12-26
2000-12-27,38.313663482666016,40.05722427368164,38.313663482666016,40.01251983642578,3748457,A,False,2000-12-27
2000-12-29,39.78898239135742,40.37017059326172,38.89485168457031,39.16308975219727,3832617,,False,2000-12-29
2001-01-03,38.53719711303711,38.53719711303711,34.02181625366211,38.53719711303711,6764362,,False,2001-01-03
2001-01-04,40.68312072753906,42.69491958618164,39.5654525756836,41.66666793823242,4398388,A,False,2001-01-04
2001-01-05,40.951358795166016,41.66666793823242,38.26895523071289,39.38662338256836,3277052,A,False,2001-01-05
2001-01-08,38.80543518066406,39.87839889526367,37.41952896118164,38.09012985229492,2273288,A,False,2001-01-08
2001-01-09,38.26895523071289,39.297210693359375,37.06187438964844,37.91130065917969,2474180,A,False,2001-01-09
2001-01-10,37.55364990234375,39.74427795410156,37.4642333984375,39.5654525756836,2405958,A,False,2001-01-10
2001-01-11,39.967811584472656,41.264305114746094,38.403076171875,41.17489242553711,3517088,A,False,2001-01-11
2001-01-16,41.17489242553711,41.66666793823242,39.83369064331055,41.6219596862793,5150232,,False,2001-01-16
2001-01-17,42.15843963623047,45.1984977722168,42.15843963623047,44.30436325073242,8383107,A,False,2001-01-17
2001-01-19,46.18204498291016,48.64091491699219,46.18204498291016,46.89735412597656,13163707,,False,2001-01-19
2001-01-23,45.77968597412109,45.77968597412109,43.90200424194336,44.88555145263672,5890333,,False,2001-01-23
2001-01-24,45.06437683105469,45.332618713378906,41.48783874511719,41.48783874511719,5283881,A,False,2001-01-24
2001-01-25,40.54899978637695,41.040771484375,38.626609802246094,39.52074432373047,4284311,A,False,2001-01-25
2001-01-26,38.85014343261719,39.83369064331055,37.687767028808594,39.07367706298828,3729864,A,False,2001-01-26
2001-01-30,39.69956970214844,40.41487884521485,38.9842643737793,39.16308975219727,5440737,,False,2001-01-30
2001-01-31,39.341915130615234,39.87839889526367,38.12589263916016,39.02002716064453,2555544,A,False,2001-01-31
2001-02-02,38.19742584228516,38.662376403808594,37.19599533081055,37.339054107666016,6511464,,False,2001-02-02
2001-02-07,36.55221557617188,36.55221557617188,34.33476257324219,35.86552047729492,8716809,,False,2001-02-07
2001-02-09,37.21030044555664,39.15593719482422,37.21030044555664,37.55364990234375,6572837,,False,2001-02-09
2001-02-12,37.410587310791016,37.90414810180664,36.0157356262207,36.566524505615234,3014368,A,False,2001-02-12
2001-02-14,35.050071716308594,35.050071716308594,33.87696838378906,34.33476257324219,8692065,,False,2001-02-14
2001-02-15,35.55078887939453,39.341915130615234,35.472103118896484,38.51931381225586,3954802,A,False,2001-02-15
2001-02-16,35.765380859375,36.12303161621094,34.799713134765625,35.765380859375,5005120,A,False,2001-02-16
2001-02-20,35.19313430786133,35.3719596862793,30.75822639465332,31.473533630371094,6347759,A,False,2001-02-20
2001-02-21,30.04291725158692,30.22174453735352,28.04005622863769,28.7553653717041,9363664,A,False,2001-02-21
2001-02-22,28.5765380859375,29.041488647460938,27.539342880249023,27.947067260742188,6720046,A,False,2001-02-22
2001-02-26,27.718168258666992,27.718168258666992,25.42918586730957,27.39628028869629,9130757,,False,2001-02-26
2001-02-27,27.00286102294922,28.36909866333008,26.38769721984864,27.28898429870605,3646403,A,False,2001-02-27
2001-03-01,27.467811584472656,27.75393486022949,24.60658073425293,27.403432846069336,8622025,,False,2001-03-01
2001-03-05,26.53791046142578,28.78397750854492,26.53791046142578,27.21745491027832,5464922,,False,2001-03-05
2001-03-06,27.96852684020996,29.556509017944336,27.96852684020996,29.041488647460938,3737693,A,False,2001-03-06
2001-03-07,30.257511138916016,30.314735412597656,29.041488647460938,29.29899978637696,2736725,A,False,2001-03-07
2001-03-08,29.30615234375,29.4849796295166,28.32617950439453,28.612302780151367,2838220,A,False,2001-03-08
2001-03-09,27.96852684020996,28.233190536499023,26.21602249145508,26.50214576721192,2820745,A,False,2001-03-09
2001-03-12,25.75107383728028,26.18025779724121,25.035764694213867,25.04291725158692,3404130,A,False,2001-03-12
2001-03-13,25.46495056152344,26.380544662475582,25.14306259155273,26.165950775146484,2649769,A,False,2001-03-13
2001-03-14,25.1788272857666,26.2446346282959,24.99284744262696,25.25035858154297,3685268,A,False,2001-03-14
2001-03-15,25.39341926574707,26.15879821777344,24.69957160949707,24.92846870422364,2882257,A,False,2001-03-15
2001-03-19,24.60658073425293,25.572246551513672,24.041488647460938,25.572246551513672,6551448,,False,2001-03-19
2001-03-20,25.92989921569824,25.92989921569824,24.53504943847656,24.53504943847656,4223218,A,False,2001-03-20
2001-03-21,23.61945533752441,24.134477615356445,21.17310333251953,22.60371971130371,8677666,A,False,2001-03-21
2001-03-22,22.81831169128418,25.021459579467773,22.77539253234864,24.89270401000977,4605012,A,False,2001-03-22
2001-03-26,25.851215362548828,28.254648208618164,25.851215362548828,26.51645278930664,7991667,,False,2001-03-26
2001-03-27,26.466381072998047,26.48784065246582,25.565092086791992,26.416309356689453,2694785,A,False,2001-03-27
2001-03-28,25.107295989990234,25.19313240051269,23.24749565124512,23.39055824279785,4258867,A,False,2001-03-28
2001-03-30,22.768239974975582,22.768239974975582,21.459226608276367,21.981401443481445,14123575,,False,2001-03-30
2001-04-02,23.06867027282715,23.29756736755371,21.67382049560547,22.06723976135254,3512475,A,False,2001-04-02
2001-04-03,21.53075790405273,21.81688117980957,20.02861213684082,21.1015739440918,5082848,A,False,2001-04-03
2001-04-04,20.536481857299805,21.03004264831543,19.856937408447266,20.09299087524414,2869535,A,False,2001-04-04
2001-04-05,20.565092086791992,22.317596435546875,20.536481857299805,21.90271759033203,3350447,A,False,2001-04-05
2001-04-06,18.59799766540528,19.95708274841309,17.8826904296875,19.88555145263672,7364944,A,False,2001-04-06
2001-04-09,19.685264587402344,20.21459197998047,19.33476448059082,19.742488861083984,2894140,A,False,2001-04-09
2001-04-10,20.171674728393555,21.802574157714844,19.92846870422364,21.351930618286133,2968933,A,False,2001-04-10
2001-04-16,23.11874008178711,24.678112030029297,23.11874008178711,23.83404922485352,8842490,,False,2001-04-16
2001-04-17,23.06867027282715,24.29899978637696,22.725322723388672,23.84120178222656,1803560,A,False,2001-04-17
2001-04-18,24.678112030029297,27.811159133911133,24.463518142700195,27.174535751342773,4993376,A,False,2001-04-18
2001-04-19,26.74535179138184,28.96995735168457,26.74535179138184,27.889842987060547,3886300,A,False,2001-04-19
2001-04-20,27.8826904296875,29.327611923217773,27.54649543762207,28.898426055908203,3567277,A,False,2001-04-20
2001-04-23,28.254648208618164,28.612302780151367,27.33905601501465,28.612302780151367,2869954,A,False,2001-04-23
2001-04-25,27.825464248657227,27.8969955444336,26.108726501464844,27.77539253234864,5034617,,False,2001-04-25
2001-04-30,27.78254508972168,29.30615234375,27.78254508972168,27.90414810180664,6374601,,False,2001-04-30
2001-05-01,27.110157012939453,28.218883514404297,26.85264778137207,28.04005622863769,2142435,A,False,2001-05-01
2001-05-02,28.54077339172364,28.934192657470703,28.04721069335937,28.412017822265625,1801183,A,False,2001-05-02
2001-05-03,28.075822830200195,28.075822830200195,27.09585189819336,27.503576278686523,1661663,A,False,2001-05-03
2001-05-07,27.324750900268555,27.96137237548828,26.53791046142578,27.711015701293945,4564190,,False,2001-05-07
2001-05-09,27.825464248657227,28.569385528564453,27.06008529663086,27.8969955444336,4118648,,False,2001-05-09
2001-05-11,28.612302780151367,29.45636558532715,28.111587524414062,28.39055824279785,4527982,,False,2001-05-11
2001-05-14,28.48354721069336,28.49070167541504,27.19599342346192,27.718168258666992,1747081,A,False,2001-05-14
2001-05-15,27.074392318725582,27.811159133911133,26.466381072998047,26.78826904296875,2367233,A,False,2001-05-15
2001-05-16,26.080114364624023,27.539342880249023,25.39341926574707,27.539342880249023,3199043,A,False,2001-05-16
2001-05-17,27.18168830871582,28.254648208618164,26.838340759277344,27.69671058654785,2991580,A,False,2001-05-17
2001-05-21,27.18168830871582,27.39628028869629,25.536481857299805,27.18168830871582,15623769,,False,2001-05-21
2001-05-22,27.718168258666992,28.469242095947266,27.06008529663086,28.075822830200195,3514712,A,False,2001-05-22
2001-05-23,27.43204689025879,27.49642372131348,26.824033737182617,27.131616592407227,3483816,A,False,2001-05-23
2001-05-24,27.131616592407227,27.253219604492188,25.965665817260746,25.965665817260746,2746930,A,False,2001-05-24
2001-05-25,26.323318481445312,27.539342880249023,26.323318481445312,26.959943771362305,2057576,A,False,2001-05-25
2001-05-29,26.93132972717285,26.93132972717285,25.42203140258789,25.715307235717773,2223379,A,False,2001-05-29
2001-05-30,24.39198875427246,24.89270401000977,23.404863357543945,23.51215934753418,3547425,A,False,2001-05-30
2001-06-01,23.60515022277832,24.320457458496094,23.004291534423828,24.29899978637696,7012368,,False,2001-06-01
2001-06-04,24.320457458496094,24.45636558532715,23.81974220275879,23.962804794311523,2207442,A,False,2001-06-04
2001-06-05,23.962804794311523,24.57081413269043,23.962804794311523,24.39198875427246,3288795,A,False,2001-06-05
2001-06-08,24.92846870422364,26.072961807250977,24.92846870422364,25.04291725158692,6250877,,False,2001-06-08
2001-06-11,24.60658073425293,25.035764694213867,23.7195987701416,24.15593719482422,3188419,A,False,2001-06-11
2001-06-12,23.61945533752441,24.07010078430176,22.96137237548828,23.81974220275879,2875686,A,False,2001-06-12
2001-06-13,23.962804794311523,24.2703857421875,23.347639083862305,23.347639083862305,1588687,A,False,2001-06-13
2001-06-14,22.99713897705078,23.004291534423828,21.709585189819336,22.246065139770508,3332133,A,False,2001-06-14
2001-06-15,21.473533630371094,22.14592361450196,20.7439193725586,21.78826904296875,4001635,A,False,2001-06-15
2001-06-18,21.67382049560547,22.224607467651367,20.94420623779297,21.459226608276367,2492634,A,False,2001-06-18
2001-06-19,21.81688117980957,21.94563674926757,20.7439193725586,20.97281837463379,3296344,A,False,2001-06-19
2001-06-20,20.97281837463379,21.03004264831543,19.49213218688965,20.32904052734375,4626122,A,False,2001-06-20
2001-06-21,20.565092086791992,21.20886993408203,20.257511138916016,21.15879821777344,3120616,A,False,2001-06-21
2001-06-25,20.88698005676269,21.716737747192383,20.88698005676269,21.20886993408203,5752630,,False,2001-06-25
2001-06-27,20.958511352539062,21.4234619140625,20.350500106811523,21.351930618286133,6887946,,False,2001-06-27
2001-06-28,21.459226608276367,22.81831169128418,21.459226608276367,22.6680965423584,4211056,A,False,2001-06-28
2001-07-03,23.11874008178711,24.39198875427246,23.11874008178711,23.261802673339844,8708981,,False,2001-07-03
2001-07-05,23.254648208618164,23.562231063842773,22.56795310974121,23.011444091796875,2075191,A,False,2001-07-05
2001-07-09,21.924177169799805,21.924177169799805,20.84406280517578,21.39484977722168,3613830,,False,2001-07-09
2001-07-10,21.39484977722168,21.74535179138184,20.08583641052246,20.24320411682129,3387773,A,False,2001-07-10
2001-07-11,20.27897071838379,20.565092086791992,18.74105834960937,19.22031593322754,4336736,A,False,2001-07-11
2001-07-12,20.386266708374023,22.532188415527344,20.24320411682129,21.988555908203125,3449006,A,False,2001-07-12
2001-07-13,21.99570846557617,22.954219818115234,21.330472946166992,21.67382049560547,2782020,A,False,2001-07-13
2001-07-16,21.566524505615234,21.91702461242676,20.386266708374023,20.672388076782227,2229810,A,False,2001-07-16
2001-07-18,20.207439422607425,20.91559410095215,20.035764694213867,20.379112243652344,4393355,,False,2001-07-18
2001-07-19,20.48640823364257,21.81688117980957,20.48640823364257,20.715307235717773,1882267,A,False,2001-07-19
2001-07-20,20.536481857299805,21.015737533569336,19.95708274841309,20.672388076782227,2055619,A,False,2001-07-20
2001-07-23,20.736766815185547,20.99427795410156,19.70672416687012,19.8211727142334,2068481,A,False,2001-07-23
2001-07-24,19.742488861083984,19.99284744262696,19.313304901123047,19.63519287109375,2478794,A,False,2001-07-24
2001-07-25,19.599428176879883,19.91416358947754,19.256080627441406,19.91416358947754,2293000,A,False,2001-07-25
2001-07-26,20.02861213684082,21.137338638305664,19.778255462646484,20.89413452148437,2545339,A,False,2001-07-26
2001-07-31,20.851215362548828,21.67382049560547,20.77968406677246,20.77968406677246,5801421,,False,2001-07-31
2001-08-01,21.1015739440918,22.811159133911133,20.901287078857425,22.711015701293945,3514572,A,False,2001-08-01
2001-08-02,22.532188415527344,23.39055824279785,22.281831741333008,22.711015701293945,2576933,A,False,2001-08-02
2001-08-03,22.317596435546875,23.140199661254883,22.260372161865234,22.38912773132324,1418131,A,False,2001-08-03
2001-08-07,22.39628028869629,22.51788330078125,21.81688117980957,22.19599342346192,3185902,,False,2001-08-07
2001-08-08,21.2446346282959,21.888412475585938,20.68669509887696,20.708154678344727,3093774,A,False,2001-08-08
2001-08-09,20.708154678344727,20.708154678344727,20.04291725158692,20.48640823364257,1616368,A,False,2001-08-09
2001-08-10,20.49356269836425,20.60085868835449,19.678112030029297,20.45064353942871,2393516,A,False,2001-08-10
2001-08-13,20.7439193725586,20.99427795410156,20.171674728393555,20.68669509887696,1203958,A,False,2001-08-13
2001-08-14,20.7439193725586,21.2446346282959,20.7439193725586,21.130186080932617,2181859,A,False,2001-08-14
2001-08-15,20.672388076782227,20.8726749420166,19.6423454284668,19.921316146850582,1619024,A,False,2001-08-15
2001-08-16,19.49213218688965,19.84978485107422,19.02718162536621,19.67095947265625,2513045,A,False,2001-08-16
2001-08-17,19.52789688110352,19.52789688110352,18.72675323486328,18.919885635375977,2154877,A,False,2001-08-17
2001-08-21,18.669527053833008,18.85550880432129,17.381973266601562,18.85550880432129,9857158,,False,2001-08-21
2001-08-22,19.20600891113281,19.30615234375,18.59799766540528,18.869813919067383,2534294,A,False,2001-08-22
2001-08-23,18.869813919067383,19.163089752197266,18.51931381225586,18.7195987701416,3637736,A,False,2001-08-23
2001-08-27,19.34906959533692,20.06437873840332,19.34906959533692,19.427753448486328,3332413,,False,2001-08-27
2001-08-29,19.45636558532715,19.742488861083984,19.14163017272949,19.42060089111328,3815142,,False,2001-08-29
2001-08-30,19.24177360534668,19.70672416687012,18.53361892700196,18.63376235961914,1991451,A,False,2001-08-30
2001-09-04,18.526466369628903,19.134477615356445,18.31187438964844,18.476394653320312,3307948,,False,2001-09-04
2001-09-05,18.13304710388184,18.44062805175781,17.353361129760742,17.596567153930664,4119067,A,False,2001-09-05
2001-09-06,17.417739868164062,17.560800552368164,16.595136642456055,17.167381286621094,3933972,A,False,2001-09-06
2001-09-07,16.595136642456055,17.346208572387695,16.530757904052734,16.70243263244629,2353114,A,False,2001-09-07
2001-09-10,16.09442138671875,16.580829620361328,15.994277954101562,16.48784065246582,2746371,A,False,2001-09-10
2001-09-20,15.128754615783691,15.74392032623291,14.384835243225098,14.892704010009766,12694539,,False,2001-09-20
2001-09-21,12.87553596496582,14.628040313720703,12.87553596496582,14.413448333740234,4078106,A,False,2001-09-21
2001-09-24,14.66380500793457,15.515021324157717,14.449213027954102,15.021458625793455,2779643,A,False,2001-09-24
2001-09-26,14.449213027954102,14.449213027954102,13.233189582824709,13.80543613433838,6619251,,False,2001-09-26
2001-09-27,13.633763313293455,13.762517929077148,13.175966262817385,13.762517929077148,2527025,A,False,2001-09-27
2001-09-28,13.876967430114746,14.248927116394045,13.59084415435791,13.98426342010498,3049178,A,False,2001-09-28
2001-10-01,13.698140144348145,13.92703914642334,13.390558242797852,13.490700721740724,1960695,A,False,2001-10-01
2001-10-02,13.59084415435791,14.377681732177734,13.59084415435791,14.356223106384276,3390150,A,False,2001-10-02
2001-10-03,14.198856353759766,15.36480712890625,13.98426342010498,15.20028591156006,4097398,A,False,2001-10-03
2001-10-04,15.164521217346191,15.915594100952148,15.064377784729004,15.522174835205078,3655490,A,False,2001-10-04
2001-10-05,15.37911319732666,15.414877891540527,14.59227466583252,15.092989921569824,2721487,A,False,2001-10-05
2001-10-08,14.949928283691406,15.7296142578125,14.735336303710938,15.321887969970703,2069739,A,False,2001-10-08
2001-10-09,15.321887969970703,15.357653617858888,14.628040313720703,14.864091873168944,1821594,A,False,2001-10-09
2001-10-10,14.699570655822754,15.722460746765137,14.66380500793457,15.69384765625,2042618,A,False,2001-10-10
2001-10-12,16.380544662475586,17.42489242553711,16.380544662475586,16.709585189819336,7718358,,False,2001-10-12
2001-10-15,16.752504348754883,16.88125991821289,16.008583068847656,16.616594314575195,2539187,A,False,2001-10-15
2001-10-16,16.45207405090332,17.153076171875,16.45207405090332,17.03147315979004,1661803,A,False,2001-10-16
2001-10-17,17.525035858154297,17.73247528076172,16.523605346679688,16.895565032958984,2791806,A,False,2001-10-17
2001-10-19,16.344778060913086,16.666667938232422,16.065807342529297,16.666667938232422,2976901,,False,2001-10-19
2001-10-22,16.23748207092285,16.981401443481445,16.165950775146484,16.888412475585938,1441618,A,False,2001-10-22
2001-10-23,16.888412475585938,17.63233184814453,16.88125991821289,17.06008529663086,1902259,A,False,2001-10-23
2001-10-24,16.9742488861084,17.346208572387695,16.630901336669922,17.324750900268555,1637617,A,False,2001-10-24
2001-10-25,16.809728622436523,17.260372161865234,15.951358795166016,17.260372161865234,2410571,A,False,2001-10-25
2001-10-26,17.09585189819336,17.582260131835938,17.06723976135254,17.410587310791016,1924766,A,False,2001-10-26
2001-10-29,17.06723976135254,17.074392318725586,16.137338638305664,16.402002334594727,1727089,A,False,2001-10-29
2001-10-30,16.30901336669922,16.45207405090332,15.77253246307373,15.879828453063965,1923368,A,False,2001-10-30
2001-10-31,16.022890090942383,16.595136642456055,15.84406280517578,15.92990016937256,1724293,A,False,2001-10-31
2001-11-01,15.822604179382324,16.45207405090332,15.779685020446776,16.380544662475586,1543112,A,False,2001-11-01
2001-11-02,16.559371948242188,16.773963928222656,16.316165924072266,16.666667938232422,1321669,A,False,2001-11-02
2001-11-05,16.773963928222656,17.739627838134766,16.773963928222656,17.510730743408203,2738263,A,False,2001-11-05
2001-11-07,17.689556121826172,18.233190536499023,17.553647994995117,17.6680965423584,3872041,,False,2001-11-07
2001-11-08,17.596567153930664,18.412017822265625,17.560800552368164,17.7038631439209,2690032,A,False,2001-11-08
2001-11-09,17.45350456237793,17.839771270751953,17.381973266601562,17.739627838134766,1310206,A,False,2001-11-09
2001-11-12,17.42489242553711,17.739627838134766,16.888412475585938,17.625179290771484,2104829,A,False,2001-11-12
2001-11-13,17.310443878173828,17.8826904296875,17.2961368560791,17.846923828125,2973266,A,False,2001-11-13
2001-11-14,17.96137237548828,18.383405685424805,17.889842987060547,18.104434967041016,2448038,A,False,2001-11-14
2001-11-15,17.8826904296875,18.161659240722656,17.317596435546875,17.90414810180664,2672277,A,False,2001-11-15
2001-11-16,17.09585189819336,17.346208572387695,16.165950775146484,17.260372161865234,11550556,A,False,2001-11-16
2001-11-21,17.167381286621094,17.7038631439209,16.93848419189453,17.403432846069336,35115802,,False,2001-11-21
2001-11-23,17.439199447631836,17.954219818115234,17.360515594482422,17.954219818115234,2515561,A,False,2001-11-23
2001-11-26,17.982833862304688,18.812589645385746,17.91130256652832,18.776824951171875,6878999,A,False,2001-11-26
2001-11-28,18.776824951171875,19.735336303710938,18.776824951171875,19.277538299560547,14306433,,False,2001-11-28
2001-11-29,19.134477615356445,19.563661575317383,18.64091682434082,19.434907913208008,4573837,A,False,2001-11-29
2001-12-03,19.67095947265625,19.81402015686035,19.29899978637696,19.678112030029297,8052620,,False,2001-12-03
2001-12-04,19.81402015686035,20.13590812683105,19.47782516479492,20.13590812683105,3414335,A,False,2001-12-04
2001-12-05,20.207439422607425,21.409156799316406,20.08583641052246,21.409156799316406,6792183,A,False,2001-12-05
2001-12-06,21.4234619140625,21.45207405090332,20.958511352539062,21.287553787231445,3114185,A,False,2001-12-06
2001-12-07,21.2446346282959,22.08154487609864,21.03719520568848,21.566524505615234,5810228,A,False,2001-12-07
2001-12-11,21.4234619140625,21.60944175720215,20.88698005676269,20.951358795166016,6793861,,False,2001-12-11
2001-12-12,21.065807342529297,22.06723976135254,21.04434967041016,21.96709632873535,5034058,A,False,2001-12-12
2001-12-13,21.2446346282959,21.29470634460449,20.39341926574707,20.40057182312012,3430133,A,False,2001-12-13
2001-12-14,20.06437873840332,20.736766815185547,20.035764694213867,20.622318267822266,3045263,A,False,2001-12-14
2001-12-18,20.371959686279297,21.080114364624023,20.314735412597656,20.61516571044922,7872138,,False,2001-12-18
2001-12-19,20.06437873840332,20.80829811096192,20.02861213684082,20.42203140258789,2517938,A,False,2001-12-19
2001-12-20,20.13590812683105,20.21459197998047,19.613733291625977,19.81402015686035,3982203,A,False,2001-12-20
2001-12-21,19.72818374633789,20.24320411682129,19.72818374633789,19.99284744262696,3732520,A,False,2001-12-21
2001-12-27,20.371959686279297,20.722461700439453,20.100143432617188,20.629470825195312,5623176,,False,2001-12-27
2001-12-28,20.7439193725586,20.87982749938965,20.42203140258789,20.708154678344727,1600430,A,False,2001-12-28
2001-12-31,20.529327392578125,20.81545066833496,20.350500106811523,20.39341926574707,2142016,A,False,2001-12-31
2002-01-02,20.39341926574707,20.987123489379883,20.357654571533203,20.922746658325195,3018701,A,False,2002-01-02
2002-01-03,21.09442138671875,22.317596435546875,21.04434967041016,22.246065139770508,4558319,A,False,2002-01-03
2002-01-09,23.06867027282715,23.81974220275879,23.06867027282715,23.06867027282715,18928361,,False,2002-01-09
2002-01-10,22.868383407592773,22.868383407592773,22.38912773132324,22.68955612182617,1730864,A,False,2002-01-10
2002-01-11,22.68955612182617,22.81831169128418,21.96709632873535,22.2031478881836,1979848,A,False,2002-01-11
2002-01-14,21.81688117980957,21.90271759033203,21.50929832458496,21.75965690612793,3117260,A,False,2002-01-14
2002-01-15,21.75965690612793,22.281831741333008,21.58798217773437,21.781116485595703,2600280,A,False,2002-01-15
2002-01-16,21.316165924072266,21.316165924072266,20.49356269836425,20.64377784729004,3577342,A,False,2002-01-16
2002-01-17,20.672388076782227,21.09442138671875,20.472103118896484,21.008583068847656,1993548,A,False,2002-01-17
2002-01-18,20.61516571044922,20.722461700439453,20.20028686523437,20.371959686279297,2725261,A,False,2002-01-18
2002-01-23,20.314735412597656,20.386266708374023,19.256080627441406,20.02861213684082,5251167,,False,2002-01-23
2002-01-24,20.379112243652344,20.922746658325195,20.24320411682129,20.59370422363281,1453780,A,False,2002-01-24
2002-01-25,20.60085868835449,20.958511352539062,20.27897071838379,20.78683853149414,2370029,A,False,2002-01-25
2002-01-28,20.75822639465332,21.316165924072266,20.64377784729004,21.194564819335938,2885752,A,False,2002-01-28
2002-01-29,21.03004264831543,21.53075790405273,20.7439193725586,20.922746658325195,2198075,A,False,2002-01-29
2002-01-30,20.57939910888672,21.1015739440918,20.13590812683105,21.05865478515625,2638445,A,False,2002-01-30
2002-02-01,20.958511352539062,21.73104476928711,20.865522384643555,21.18025779724121,4292699,,False,2002-02-01
2002-02-04,20.81545066833496,21.2446346282959,20.257511138916016,20.443490982055664,1552060,A,False,2002-02-04
2002-02-05,20.264663696289062,20.672388076782227,19.30615234375,19.427753448486328,3936209,A,False,2002-02-05
2002-02-06,19.599428176879883,19.70672416687012,18.90557861328125,19.29899978637696,3709593,A,False,2002-02-06
2002-02-07,19.470672607421875,19.4849796295166,18.79113006591797,18.87696647644043,2612443,A,False,2002-02-07
2002-02-08,18.88412094116211,19.07010078430176,17.76108741760254,18.583690643310547,4329047,A,False,2002-02-08
2002-02-11,18.24034309387207,19.24177360534668,18.24034309387207,19.1273250579834,2868137,A,False,2002-02-11
2002-02-12,18.9484977722168,19.263233184814453,18.562231063842773,18.712446212768555,3290193,A,False,2002-02-12
2002-02-13,18.89127349853516,19.34906959533692,18.89127349853516,19.21316146850586,2943629,A,False,2002-02-13
2002-02-14,19.24177360534668,19.52789688110352,18.927038192749023,19.52789688110352,3103700,A,False,2002-02-14
2002-02-15,19.72818374633789,19.79256057739257,19.45636558532715,19.67095947265625,2813195,A,False,2002-02-15
2002-02-19,19.170242309570312,19.227468490600582,18.59799766540528,18.63376235961914,2347661,A,False,2002-02-19
2002-02-21,20.100143432617188,21.316165924072266,20.100143432617188,20.14306259155273,10402378,,False,2002-02-21
2002-02-22,20.171674728393555,20.49356269836425,19.89270401000977,20.21459197998047,2054501,A,False,2002-02-22
2002-02-25,20.386266708374023,21.17310333251953,20.350500106811523,20.7439193725586,1873739,A,False,2002-02-25
2002-02-26,20.7439193725586,21.380544662475582,20.66523551940918,21.251787185668945,2756157,A,False,2002-02-26
2002-02-27,21.44492149353028,22.846923828125,21.351930618286133,21.91702461242676,6403958,A,False,2002-02-27
2002-02-28,22.889842987060547,22.954219818115234,22.21030044555664,22.281831741333008,3846457,A,False,2002-02-28
2002-03-01,22.49642372131348,23.81974220275879,22.460657119750977,23.59799766540528,6266815,A,False,2002-03-01
2002-03-04,23.64091682434082,25.14306259155273,23.46208953857422,25.007152557373047,5819035,A,False,2002-03-04
2002-03-05,24.856937408447266,25.672388076782227,24.53504943847656,24.964235305786133,4811636,A,False,2002-03-05
2002-03-07,24.89270401000977,25.1788272857666,24.463518142700195,24.89270401000977,6640081,,False,2002-03-07
2002-03-08,25.071531295776367,26.008583068847656,25.0500717163086,25.81545066833496,5096828,A,False,2002-03-08
2002-03-11,25.81545066833496,26.459226608276367,25.80829811096192,25.901287078857425,4470804,A,False,2002-03-11
2002-03-13,25.1788272857666,25.64377784729004,25.14306259155273,25.529327392578125,11135209,,False,2002-03-13
2002-03-14,25.536481857299805,25.715307235717773,25.321887969970703,25.50786781311035,3553856,A,False,2002-03-14
2002-03-15,25.68669509887696,26.824033737182617,25.572246551513672,26.68812561035156,4566707,A,False,2002-03-15
2002-03-18,26.68812561035156,27.18168830871582,26.287553787231445,26.50929832458496,5432768,A,False,2002-03-18
2002-03-19,26.50929832458496,26.74535179138184,25.9084415435791,26.18025779724121,3069868,A,False,2002-03-19
2002-03-21,25.33619499206543,25.33619499206543,24.53504943847656,25.264663696289062,7783505,,False,2002-03-21
2002-03-22,25.107295989990234,25.30758285522461,24.39198875427246,24.58512115478516,2318723,A,False,2002-03-22
2002-03-25,24.63519287109375,24.921316146850582,23.81974220275879,23.88412094116211,2467330,A,False,2002-03-25
2002-03-26,24.03433418273925,24.60658073425293,23.798282623291016,23.977109909057617,3734198,A,False,2002-03-26
2002-03-27,24.248926162719727,24.37768173217773,23.63376235961914,23.78397750854492,5377966,A,False,2002-03-27
2002-03-28,24.284692764282227,25.293275833129883,24.105865478515625,25.007152557373047,3748737,A,False,2002-03-28
2002-04-03,25.293275833129883,26.430614471435547,25.293275833129883,25.293275833129883,14674805,,False,2002-04-03
2002-04-04,25.19313240051269,25.34334754943848,24.313304901123047,24.42060089111328,2990322,A,False,2002-04-04
2002-04-05,24.49928474426269,24.84978485107422,24.105865478515625,24.24177360534668,1465523,A,False,2002-04-05
2002-04-08,23.78397750854492,24.77110290527344,23.53361892700196,24.463518142700195,2808442,A,False,2002-04-08
2002-04-10,23.898426055908203,23.898426055908203,23.29756736755371,23.733905792236328,8135102,,False,2002-04-10
2002-04-11,23.39055824279785,23.53361892700196,22.889842987060547,22.99713897705078,4747468,A,False,2002-04-11
2002-04-12,23.04721069335937,23.354793548583984,22.811159133911133,23.140199661254883,3185343,A,False,2002-04-12
2002-04-15,23.140199661254883,23.46208953857422,22.854076385498047,23.204578399658203,2407915,A,False,2002-04-15
2002-04-16,23.569385528564453,24.320457458496094,23.469242095947266,24.248926162719727,9356395,A,False,2002-04-16
2002-04-17,24.49928474426269,25.0500717163086,24.284692764282227,25.014305114746094,4315486,A,False,2002-04-17
2002-04-18,24.78540802001953,24.856937408447266,23.977109909057617,24.74964141845703,3828423,A,False,2002-04-18
2002-04-19,25.035764694213867,25.22889709472656,24.90700912475586,25.035764694213867,3715604,A,False,2002-04-19
2002-04-22,24.72102928161621,24.78540802001953,23.74105834960937,24.14163017272949,2904345,A,False,2002-04-22
2002-04-23,24.14163017272949,24.53504943847656,23.09728240966797,23.111587524414062,8178300,A,False,2002-04-23
2002-04-24,23.283262252807617,23.45493507385254,22.253219604492188,22.26752471923828,4041478,A,False,2002-04-24
2002-04-25,22.103004455566406,22.3319034576416,21.4234619140625,22.13876914978028,3438940,A,False,2002-04-25
2002-04-26,22.174535751342773,22.317596435546875,21.316165924072266,21.430614471435547,2454888,A,False,2002-04-26
2002-04-29,21.2804012298584,21.802574157714844,21.022890090942383,21.20886993408203,4021347,A,False,2002-04-29
2002-05-01,21.351930618286133,22.06723976135254,21.09442138671875,21.773963928222656,6163643,,False,2002-05-01
2002-05-02,21.6022891998291,21.60944175720215,20.7439193725586,20.81545066833496,3960674,A,False,2002-05-02
2002-05-06,20.7439193725586,20.801143646240234,19.91416358947754,19.921316146850582,5989451,,False,2002-05-06
2002-05-07,20.314735412597656,20.386266708374023,19.856937408447266,19.89270401000977,3551200,A,False,2002-05-07
2002-05-08,20.60085868835449,21.888412475585938,20.565092086791992,21.48784065246582,3331015,A,False,2002-05-08
2002-05-09,21.2804012298584,21.51645278930664,20.500715255737305,20.557939529418945,4998549,A,False,2002-05-09
2002-05-10,20.565092086791992,20.701000213623047,19.613733291625977,19.99284744262696,3757405,A,False,2002-05-10
2002-05-13,19.99284744262696,20.715307235717773,19.81402015686035,20.357654571533203,2274686,A,False,2002-05-13
2002-05-14,21.67382049560547,22.353361129760746,21.316165924072266,22.21030044555664,4304023,A,False,2002-05-14
2002-05-15,21.459226608276367,21.924177169799805,21.258941650390625,21.2804012298584,3405528,A,False,2002-05-15
2002-05-21,21.27324676513672,21.27324676513672,20.22174453735352,20.414878845214844,13611068,,False,2002-05-21
2002-05-22,20.414878845214844,20.708154678344727,19.8211727142334,20.107295989990234,3736295,A,False,2002-05-22
2002-05-23,20.107295989990234,20.24320411682129,19.57796859741211,19.90700912475586,2972707,A,False,2002-05-23
2002-05-24,19.90700912475586,19.99284744262696,19.42060089111328,19.52789688110352,2640123,A,False,2002-05-24
2002-05-28,19.563661575317383,19.949928283691406,19.248926162719727,19.413448333740234,1857103,A,False,2002-05-28
2002-05-29,19.263233184814453,19.38483428955078,19.09871292114257,19.09871292114257,1714228,A,False,2002-05-29
2002-05-30,19.02718162536621,19.09871292114257,18.204578399658203,18.69098663330078,4138220,A,False,2002-05-30
2002-05-31,18.69098663330078,19.18454933166504,18.59799766540528,18.862661361694336,2989343,A,False,2002-05-31
2002-06-03,18.9484977722168,18.991416931152344,18.06867027282715,18.261802673339844,1863814,A,False,2002-06-03
2002-06-04,18.261802673339844,18.412017822265625,17.854076385498047,18.233190536499023,2808582,A,False,2002-06-04
2002-06-06,18.13304710388184,18.26895523071289,17.346208572387695,17.618026733398438,5115422,,False,2002-06-06
2002-06-10,16.995708465576172,17.26752471923828,16.680973052978516,17.26752471923828,7008313,,False,2002-06-10
2002-06-11,17.711015701293945,18.59799766540528,17.711015701293945,18.06867027282715,6978956,A,False,2002-06-11
2002-06-12,18.06867027282715,18.383405685424805,17.310443878173828,17.646638870239258,3401753,A,False,2002-06-12
2002-06-13,17.739627838134766,17.796852111816406,17.103004455566406,17.167381286621094,3964309,A,False,2002-06-13
2002-06-14,16.630901336669922,17.110157012939453,16.45207405090332,16.809728622436523,3019680,A,False,2002-06-14
2002-06-17,17.131616592407227,18.290414810180664,17.06008529663086,18.03290367126465,4357985,A,False,2002-06-17
2002-06-18,18.09728240966797,18.5765380859375,17.725322723388672,18.075822830200195,3367223,A,False,2002-06-18
2002-06-19,17.682403564453125,17.868383407592773,17.06008529663086,17.381973266601562,3960254,A,False,2002-06-19
2002-06-20,17.310443878173828,17.7038631439209,17.017166137695312,17.167381286621094,3845199,A,False,2002-06-20
2002-06-25,17.167381286621094,17.30328941345215,16.824033737182617,16.84549331665039,11290807,,False,2002-06-25
2002-06-26,16.459226608276367,16.738197326660156,16.022890090942383,16.595136642456055,3285999,A,False,2002-06-26
2002-06-28,16.84549331665039,17.525035858154297,16.84549331665039,16.917024612426758,5173718,,False,2002-06-28
2002-07-01,16.773963928222656,17.103004455566406,16.323318481445312,16.54506492614746,2621250,A,False,2002-07-01
2002-07-03,16.344778060913086,16.51645278930664,15.386265754699709,16.45207405090332,8782795,,False,2002-07-03
2002-07-05,16.45207405090332,17.346208572387695,16.416309356689453,17.131616592407227,2448178,A,False,2002-07-05
2002-07-08,17.167381286621094,17.21030044555664,16.137338638305664,16.45207405090332,3802560,A,False,2002-07-08
2002-07-09,16.380544662475586,16.988555908203125,16.09442138671875,16.201717376708984,2677869,A,False,2002-07-09
2002-07-11,16.48784065246582,16.666667938232422,15.450643539428713,16.666667938232422,6210335,,False,2002-07-11
2002-07-12,16.988555908203125,17.381973266601562,16.53791046142578,17.074392318725586,4418379,A,False,2002-07-12
2002-07-15,16.824033737182617,17.06008529663086,15.979970932006836,16.859800338745117,2868277,A,False,2002-07-15
2002-07-16,16.351930618286133,17.503576278686523,16.23748207092285,16.659513473510742,3817519,A,False,2002-07-16
2002-07-17,16.838340759277344,17.23891258239746,15.75822639465332,16.251787185668945,3594398,A,False,2002-07-17
2002-07-18,16.23748207092285,16.559371948242188,15.479255676269531,15.543634414672852,3083149,A,False,2002-07-18
2002-07-19,15.36480712890625,15.52932834625244,14.57796859741211,14.842632293701172,4639403,A,False,2002-07-19
2002-07-22,14.628040313720703,14.949928283691406,14.091559410095217,14.298998832702637,4534553,A,False,2002-07-22
2002-07-23,14.341917037963867,14.60658073425293,13.898426055908203,14.120171546936035,4120325,A,False,2002-07-23
2002-07-24,13.948497772216797,14.0128755569458,12.925607681274414,13.54792594909668,6324552,A,False,2002-07-24
2002-07-26,12.582260131835938,12.582260131835938,11.444920539855955,12.38197422027588,9788796,,False,2002-07-26
2002-07-29,12.553647994995115,13.104434967041016,12.553647994995115,13.104434967041016,3001786,A,False,2002-07-29
2002-07-30,13.104434967041016,13.505006790161133,12.589412689208984,13.25464916229248,4749705,A,False,2002-07-30
2002-07-31,13.34048557281494,13.519312858581545,12.768239974975586,13.505006790161133,2289085,A,False,2002-07-31
2002-08-01,13.247495651245115,13.505006790161133,12.589412689208984,12.703863143920898,3884343,A,False,2002-08-01
2002-08-02,12.374820709228516,12.474964141845703,11.62374782562256,12.045780181884766,2628659,A,False,2002-08-02
2002-08-06,11.981402397155762,11.981402397155762,11.037196159362791,11.638053894042969,3896925,,False,2002-08-06
2002-08-07,12.145922660827637,12.217453956604004,11.40915584564209,12.067238807678224,2245328,A,False,2002-08-07
2002-08-09,12.160228729248049,12.374820709228516,11.716737747192385,11.959942817687988,5210346,,False,2002-08-09
2002-08-13,11.65951442718506,11.931329727172852,11.344778060913086,11.366236686706545,4802550,,False,2002-08-13
2002-08-14,11.280401229858398,11.473533630371094,10.77253246307373,11.473533630371094,3490806,A,False,2002-08-14
2002-08-19,11.695279121398926,12.625179290771484,11.373391151428224,12.474964141845703,12312885,,False,2002-08-19
2002-08-26,11.62374782562256,11.723891258239746,11.266094207763672,11.587983131408691,22618382,,False,2002-08-26
2002-08-27,11.595135688781738,11.65951442718506,10.7296142578125,10.951358795166016,4642898,A,False,2002-08-27
2002-08-28,10.858368873596191,10.915594100952148,10.593705177307127,10.622318267822266,4611583,A,False,2002-08-28
2002-08-29,10.264663696289062,10.400571823120115,10.157367706298828,10.157367706298828,8322853,A,False,2002-08-29
2002-08-30,9.942774772644045,9.949928283691406,9.53505039215088,9.60658073425293,5418229,A,False,2002-08-30
2002-09-03,9.53505039215088,9.542202949523926,9.127325057983398,9.191701889038086,7009292,A,False,2002-09-03
2002-09-04,9.327610969543455,9.763948440551758,9.298998832702637,9.656652450561523,4638983,A,False,2002-09-04
2002-09-05,9.513590812683104,9.821172714233398,9.370529174804688,9.814020156860352,7068428,A,False,2002-09-05
2002-09-09,10.050071716308594,10.586551666259766,9.935622215270996,10.536480903625488,10601593,,False,2002-09-09
2002-09-10,10.60801124572754,11.158798217773438,10.457797050476074,10.922746658325195,4832886,A,False,2002-09-10
2002-09-11,11.502145767211914,11.502145767211914,10.944206237792969,11.037196159362791,2946844,A,False,2002-09-11
2002-09-12,11.037196159362791,11.39484977722168,10.89413356781006,10.922746658325195,4427606,A,False,2002-09-12
2002-09-13,10.901288032531738,11.065808296203612,10.443490982055664,10.71530818939209,3338843,A,False,2002-09-13
2002-09-17,10.658082962036133,10.765378952026367,10.243205070495604,10.557939529418944,5832456,,False,2002-09-17
2002-09-18,10.515021324157717,10.586551666259766,10.20028591156006,10.550786972045898,5656588,A,False,2002-09-18
2002-09-19,10.443490982055664,10.443490982055664,10.01430606842041,10.064377784729004,3454178,A,False,2002-09-19
2002-09-20,10.100143432617188,10.236051559448242,9.835478782653809,9.992847442626951,4106066,A,False,2002-09-20
2002-09-23,9.942774772644045,9.978541374206545,9.47067165374756,9.549356460571287,3924745,A,False,2002-09-23
2002-09-24,9.477825164794922,9.79971408843994,9.363375663757324,9.442060470581056,4394333,A,False,2002-09-24
2002-09-26,9.642346382141112,10.236051559448242,9.642346382141112,9.856938362121582,7100442,,False,2002-09-26
2002-09-27,9.785408020019531,10.021458625793455,9.363375663757324,9.363375663757324,3408044,A,False,2002-09-27
2002-10-01,9.191701889038086,9.477825164794922,8.834049224853516,9.334763526916504,8021585,,False,2002-10-01
2002-10-02,9.327610969543455,9.628040313720703,8.94134521484375,8.94134521484375,2815712,A,False,2002-10-02
2002-10-03,8.94134521484375,9.07009983062744,8.748211860656738,8.798282623291016,3280127,A,False,2002-10-03
2002-10-08,8.812588691711426,8.869813919067383,8.24034309387207,8.748211860656738,11644641,,False,2002-10-08
2002-10-09,8.583690643310547,8.669528007507324,7.796853065490723,7.796853065490723,4592290,A,False,2002-10-09
2002-10-14,7.832618236541748,7.961372852325439,7.510729789733887,7.87553596496582,15304744,,False,2002-10-14
2002-10-16,8.125893592834473,8.583690643310547,7.925608158111572,8.047209739685059,7475665,,False,2002-10-16
2002-10-22,8.54792594909668,9.0128755569458,8.54792594909668,8.798282623291016,15195981,,False,2002-10-22
2002-10-23,8.726753234863281,8.90557861328125,8.369098663330078,8.583690643310547,5423541,A,False,2002-10-23
2002-10-25,8.98426342010498,9.692418098449709,8.98426342010498,9.25607967376709,7274633,,False,2002-10-25
2002-10-28,9.406294822692873,9.97138786315918,9.406294822692873,9.67095947265625,2695064,A,False,2002-10-28
2002-10-29,9.442060470581056,9.656652450561523,8.834049224853516,9.098711967468262,3310045,A,False,2002-10-29
2002-10-30,9.098711967468262,9.978541374206545,9.077253341674805,9.921316146850586,3626692,A,False,2002-10-30
2002-11-01,10.0,10.472103118896484,9.699570655822754,10.429184913635254,7293505,,False,2002-11-01
2002-11-04,10.550786972045898,11.19456386566162,10.515021324157717,10.751072883605955,4131649,A,False,2002-11-04
2002-11-05,10.7296142578125,10.951358795166016,10.507867813110352,10.779685020446776,2230509,A,False,2002-11-05
2002-11-06,10.74392032623291,10.944206237792969,10.42203140258789,10.701001167297363,2202829,A,False,2002-11-06
2002-11-07,10.543634414672852,10.550786972045898,10.021458625793455,10.164521217346191,2371288,A,False,2002-11-07
2002-11-08,10.01430606842041,10.33619499206543,9.856938362121582,10.050071716308594,2492914,A,False,2002-11-08
2002-11-11,9.856938362121582,10.007152557373049,9.656652450561523,9.685264587402344,1644328,A,False,2002-11-11
2002-11-12,9.685264587402344,10.121602058410645,9.685264587402344,9.871245384216309,2148866,A,False,2002-11-12
2002-11-13,9.656652450561523,9.864091873168944,9.434906959533691,9.585122108459473,3037714,A,False,2002-11-13
2002-11-14,9.585122108459473,10.021458625793455,9.442060470581056,10.0,2348360,A,False,2002-11-14
2002-11-15,9.842632293701172,10.321887969970703,9.728182792663574,9.871245384216309,3289913,A,False,2002-11-15
2002-11-18,9.79971408843994,10.071531295776367,9.67095947265625,9.728182792663574,2996613,A,False,2002-11-18
2002-11-19,10.550786972045898,12.21030044555664,10.515021324157717,11.874106407165527,18513155,A,False,2002-11-19
2002-11-20,11.866952896118164,12.303290367126465,11.45207405090332,12.16738224029541,6616874,A,False,2002-11-20
2002-11-21,12.446352005004885,13.261802673339844,12.439199447631836,13.04720973968506,7871020,A,False,2002-11-21
2002-11-25,13.054363250732422,14.020029067993164,12.87553596496582,13.96995735168457,10071331,,False,2002-11-25
2002-11-27,14.04148769378662,14.04148769378662,13.490700721740724,14.005722045898438,6576192,,False,2002-11-27
2002-12-02,14.0128755569458,14.413448333740234,13.69098663330078,13.80543613433838,3982483,,False,2002-12-02
2002-12-03,13.626608848571776,13.633763313293455,12.87553596496582,12.918455123901367,3979547,A,False,2002-12-03
2002-12-05,12.49642276763916,12.49642276763916,11.959942817687988,12.12446403503418,7538156,,False,2002-12-05
2002-12-06,12.031474113464355,12.281830787658691,11.77396297454834,12.010013580322266,3040930,A,False,2002-12-06
2002-12-09,11.874106407165527,12.017167091369627,11.695279121398926,11.731043815612791,3637177,A,False,2002-12-09
2002-12-10,11.738197326660156,12.288984298706056,11.738197326660156,12.274678230285645,3175557,A,False,2002-12-10
2002-12-12,12.160228729248049,12.725321769714355,12.160228729248049,12.288984298706056,6729413,,False,2002-12-12
2002-12-13,12.160228729248049,12.303290367126465,11.866952896118164,12.303290367126465,2967535,A,False,2002-12-13
2002-12-17,12.303290367126465,12.825465202331545,12.274678230285645,12.446352005004885,3917196,,False,2002-12-17
2002-12-18,12.303290367126465,12.746781349182127,11.874106407165527,12.052932739257812,2022487,A,False,2002-12-18
2002-12-19,11.874106407165527,12.274678230285645,11.781115531921388,11.988554954528809,2774890,A,False,2002-12-19
2002-12-20,12.017167091369627,12.87553596496582,12.017167091369627,12.87553596496582,5106475,A,False,2002-12-20
2002-12-26,13.04720973968506,13.354792594909668,13.04720973968506,13.090128898620604,7072902,,False,2002-12-26
2002-12-27,12.982832908630373,13.22603702545166,12.954219818115234,13.018597602844238,1558351,A,False,2002-12-27
2002-12-31,12.911301612854004,13.011445045471191,12.553647994995115,12.846923828125,3925304,,False,2002-12-31
2003-01-02,13.032903671264648,13.72675323486328,12.975680351257324,13.69098663330078,3381063,A,False,2003-01-02
2003-01-03,13.59084415435791,13.90557861328125,13.462088584899902,13.626608848571776,2622508,A,False,2003-01-03
2003-01-06,13.59084415435791,14.384835243225098,13.59084415435791,14.277539253234863,5549501,A,False,2003-01-06
2003-01-07,14.248927116394045,14.520744323730469,14.077253341674805,14.148783683776855,3382880,A,False,2003-01-07
2003-01-08,14.091559410095217,14.091559410095217,13.42632293701172,13.462088584899902,3193871,A,False,2003-01-08
2003-01-09,13.555079460144045,14.127325057983398,13.555079460144045,13.998568534851074,4507711,A,False,2003-01-09
2003-01-10,13.876967430114746,14.30615234375,13.72675323486328,14.234621047973633,4188967,A,False,2003-01-10
2003-01-14,14.291845321655272,14.463519096374512,13.95565128326416,14.24177360534668,5806314,,False,2003-01-14
2003-01-15,14.248927116394045,14.30615234375,13.397710800170898,13.505006790161133,3806474,A,False,2003-01-15
2003-01-16,13.733905792236328,13.94134521484375,13.276108741760254,13.361946105957031,2895258,A,False,2003-01-16
2003-01-21,13.18311882019043,13.190272331237791,12.625179290771484,12.653791427612305,4631574,,False,2003-01-21
2003-01-23,12.553647994995115,12.703863143920898,12.253218650817873,12.424893379211426,6504055,,False,2003-01-23
2003-01-24,12.432045936584473,12.560800552368164,11.945636749267578,11.945636749267578,3558609,A,False,2003-01-24
2003-01-27,11.702431678771973,11.959942817687988,11.530757904052734,11.609441757202148,2669761,A,False,2003-01-27
2003-01-29,11.680973052978516,12.231760025024414,11.587983131408691,12.188840866088867,6011819,,False,2003-01-29
2003-01-30,12.160228729248049,12.160228729248049,11.45207405090332,11.545063972473145,1953286,A,False,2003-01-30
2003-01-31,11.444920539855955,11.945636749267578,11.316165924072266,11.78826904296875,3115303,A,False,2003-01-31
2003-02-03,11.78826904296875,12.031474113464355,11.62374782562256,11.795421600341797,1972438,A,False,2003-02-03
2003-02-04,11.795421600341797,11.795421600341797,11.27324676513672,11.65951442718506,1910227,A,False,2003-02-04
2003-02-05,11.65951442718506,12.031474113464355,11.516451835632324,11.673819541931152,3479622,A,False,2003-02-05
2003-02-06,11.673819541931152,11.673819541931152,8.769671440124512,8.769671440124512,22626071,A,False,2003-02-06
2003-02-10,8.555079460144043,8.555079460144043,8.082976341247559,8.390558242797852,20684808,,False,2003-02-10
2003-02-11,8.569384574890137,8.755365371704102,8.512160301208496,8.61945629119873,5401872,A,False,2003-02-11
2003-02-12,8.61945629119873,8.96995735168457,8.583690643310547,8.89127254486084,6639242,A,False,2003-02-12
2003-02-13,9.10586643218994,9.170243263244627,8.690986633300781,8.90557861328125,5804496,A,False,2003-02-13
2003-02-14,8.834049224853516,9.0128755569458,8.669528007507324,8.934191703796387,2904625,A,False,2003-02-14
2003-02-18,9.027181625366213,9.134477615356444,8.94134521484375,9.084405899047852,2990602,A,False,2003-02-18
2003-02-19,9.048641204833984,9.055793762207031,8.826895713806152,8.962803840637207,3640112,A,False,2003-02-19
2003-02-20,8.998568534851074,9.24177360534668,8.884119987487793,9.0128755569458,4268094,A,False,2003-02-20
2003-02-24,9.263233184814451,9.79971408843994,9.24177360534668,9.291845321655272,9220788,,False,2003-02-24
2003-02-25,9.25607967376709,9.434906959533691,9.034335136413574,9.427754402160645,2732251,A,False,2003-02-25
2003-02-27,9.427754402160645,9.570815086364746,9.213162422180176,9.370529174804688,5555791,,False,2003-02-27
2003-03-03,9.42060089111328,9.763948440551758,9.356223106384276,9.356223106384276,4602496,,False,2003-03-03
2003-03-04,9.32045841217041,9.39198875427246,9.127325057983398,9.191701889038086,2240435,A,False,2003-03-04
2003-03-06,9.134477615356444,9.32045841217041,9.0128755569458,9.32045841217041,5319809,,False,2003-03-06
2003-03-07,9.2703857421875,9.57796859741211,9.18454933166504,9.57796859741211,2847866,A,False,2003-03-07
2003-03-10,9.406294822692873,9.406294822692873,9.148783683776855,9.248927116394045,3129004,A,False,2003-03-10
2003-03-11,9.191701889038086,9.28469181060791,8.90557861328125,8.98426342010498,2172212,A,False,2003-03-11
2003-03-12,8.98426342010498,8.98426342010498,8.662375450134277,8.876967430114746,3575105,A,False,2003-03-12
2003-03-13,9.191701889038086,9.32045841217041,8.934191703796387,9.32045841217041,2572040,A,False,2003-03-13
2003-03-17,9.442060470581056,10.11444854736328,9.413448333740234,10.057225227355955,4889365,,False,2003-03-17
2003-03-19,10.057225227355955,10.586551666259766,10.01430606842041,10.486409187316896,8768116,,False,2003-03-19
2003-03-21,10.371959686279297,10.7296142578125,10.371959686279297,10.586551666259766,5466180,,False,2003-03-21
2003-03-24,10.479255676269531,10.543634414672852,10.15021514892578,10.20028591156006,2064007,A,False,2003-03-24
2003-03-25,10.171673774719238,10.207439422607422,10.0,10.157367706298828,3437123,A,False,2003-03-25
2003-03-27,10.100143432617188,10.135908126831056,9.878397941589355,10.11444854736328,4242370,,False,2003-03-27
2003-03-28,10.04291820526123,10.143061637878418,9.907010078430176,9.95708179473877,1142306,A,False,2003-03-28
2003-03-31,9.570815086364746,9.63519287109375,9.298998832702637,9.406294822692873,2580848,A,False,2003-03-31
2003-04-01,9.427754402160645,9.706724166870115,9.406294822692873,9.656652450561523,1631186,A,False,2003-04-01
2003-04-02,9.914162635803224,10.40772533416748,9.88555145263672,10.271817207336426,3421325,A,False,2003-04-02
2003-04-04,10.271817207336426,10.443490982055664,10.078683853149414,10.271817207336426,5108013,,False,2003-04-04
2003-04-07,10.572245597839355,10.822604179382324,10.164521217346191,10.214591979980469,2400925,A,False,2003-04-07
2003-04-08,10.214591979980469,10.39341926574707,10.100143432617188,10.243205070495604,1828444,A,False,2003-04-08
2003-04-10,10.11444854736328,10.11444854736328,9.628040313720703,10.071531295776367,5659104,,False,2003-04-10
2003-04-15,10.300429344177246,10.40772533416748,9.97138786315918,10.143061637878418,7046620,,False,2003-04-15
2003-04-16,10.33619499206543,10.658082962036133,10.286123275756836,10.443490982055664,2481730,A,False,2003-04-16
2003-04-17,10.371959686279297,10.701001167297363,10.293275833129885,10.686695098876951,1548285,A,False,2003-04-17
2003-04-21,10.69384765625,10.937052726745604,10.586551666259766,10.92990016937256,2319002,A,False,2003-04-21
2003-04-22,10.836910247802734,11.151644706726074,10.786837577819824,11.101573944091797,3012970,A,False,2003-04-22
2003-04-24,11.280401229858398,11.731043815612791,11.280401229858398,11.373391151428224,5577880,,False,2003-04-24
2003-04-28,11.373391151428224,11.38054370880127,11.04434871673584,11.38054370880127,5997000,,False,2003-04-28
2003-04-29,11.359084129333496,11.609441757202148,11.123032569885254,11.523605346679688,2460760,A,False,2003-04-29
2003-04-30,11.466381072998049,11.630901336669922,11.287553787231444,11.459226608276367,2515701,A,False,2003-04-30
2003-05-01,11.459226608276367,11.62374782562256,11.123032569885254,11.580829620361328,2013679,A,False,2003-05-01
2003-05-05,11.552216529846191,11.75965690612793,11.473533630371094,11.473533630371094,7144619,,False,2003-05-05
2003-05-07,11.373391151428224,11.595135688781738,11.294707298278809,11.43776798248291,5689161,,False,2003-05-07
2003-05-08,11.27324676513672,11.480687141418455,11.266094207763672,11.459226608276367,3904894,A,False,2003-05-08
2003-05-12,11.480687141418455,11.723891258239746,11.473533630371094,11.65951442718506,6672933,,False,2003-05-12
2003-05-13,11.65951442718506,11.80257511138916,11.509299278259276,11.616595268249512,1776159,A,False,2003-05-13
2003-05-14,11.673819541931152,11.716737747192385,11.444920539855955,11.652360916137695,2246306,A,False,2003-05-14
2003-05-15,11.766810417175291,11.974248886108398,11.65951442718506,11.95279026031494,2588117,A,False,2003-05-15
2003-05-16,11.80257511138916,11.838339805603027,11.45207405090332,11.809727668762209,2673535,A,False,2003-05-16
2003-05-19,11.516451835632324,11.616595268249512,11.07296085357666,11.09442138671875,3842683,A,False,2003-05-19
2003-05-20,11.480687141418455,11.723891258239746,11.402003288269045,11.473533630371094,5414454,A,False,2003-05-20
2003-05-21,11.4234619140625,11.494993209838867,11.123032569885254,11.337624549865724,2995075,A,False,2003-05-21
2003-05-22,11.344778060913086,11.62374782562256,11.337624549865724,11.559370994567873,3061480,A,False,2003-05-22
2003-05-27,11.516451835632324,12.339056015014648,11.39484977722168,12.26752471923828,7289172,,False,2003-05-27
2003-05-28,12.253218650817873,12.660943984985352,12.231760025024414,12.625179290771484,4403141,A,False,2003-05-28
2003-05-29,12.567954063415527,12.87553596496582,12.45350456237793,12.61802577972412,2741059,A,False,2003-05-29
2003-05-30,12.61802577972412,13.111587524414062,12.61802577972412,12.968525886535645,3467459,A,False,2003-05-30
2003-06-03,13.59084415435791,13.683834075927734,13.319026947021484,13.626608848571776,10342684,,False,2003-06-03
2003-06-05,13.762517929077148,14.2703857421875,13.762517929077148,14.055793762207031,7014326,,False,2003-06-05
2003-06-06,14.127325057983398,14.234621047973633,13.733905792236328,13.812588691711426,4395452,A,False,2003-06-06
2003-06-09,13.59084415435791,13.812588691711426,13.333333015441896,13.440629005432127,2598323,A,False,2003-06-09
2003-06-12,13.447783470153809,13.512160301208496,13.054363250732422,13.476394653320312,7383118,,False,2003-06-12
2003-06-13,13.454936027526855,13.698140144348145,13.383404731750488,13.533618927001951,3432649,A,False,2003-06-13
2003-06-16,13.5765380859375,13.812588691711426,13.540773391723633,13.762517929077148,2694226,A,False,2003-06-16
2003-06-18,13.92703914642334,14.148783683776855,13.662375450134276,13.991415977478027,3883085,,False,2003-06-18
2003-06-20,13.98426342010498,13.98426342010498,13.59084415435791,13.633763313293455,5634220,,False,2003-06-20
2003-06-23,13.59084415435791,13.655221939086914,13.447783470153809,13.512160301208496,2128874,A,False,2003-06-23
2003-06-24,13.447783470153809,13.505006790161133,13.125893592834473,13.412016868591309,2842833,A,False,2003-06-24
2003-06-25,13.247495651245115,13.597996711730955,13.247495651245115,13.533618927001951,3236650,A,False,2003-06-25
2003-06-26,13.519312858581545,13.912732124328612,13.34048557281494,13.841201782226562,3374772,A,False,2003-06-26
2003-06-30,13.919885635375977,14.263233184814451,13.919885635375977,13.98426342010498,5865729,,False,2003-06-30
2003-07-01,13.919885635375977,14.24177360534668,13.80543613433838,14.24177360534668,4405797,A,False,2003-07-01
2003-07-03,14.2703857421875,14.549356460571287,14.177395820617676,14.298998832702637,7960352,,False,2003-07-03
2003-07-07,14.406294822692873,15.22889804840088,14.406294822692873,15.22889804840088,5971138,A,False,2003-07-07
2003-07-08,15.22889804840088,15.52932834625244,14.928468704223633,15.507867813110352,2929789,A,False,2003-07-08
2003-07-09,15.49356174468994,15.701001167297363,15.02861213684082,15.572245597839355,3286838,A,False,2003-07-09
2003-07-10,15.293275833129885,15.293275833129885,14.84978485107422,15.064377784729004,2530939,A,False,2003-07-10
2003-07-11,15.128754615783691,15.565093040466309,15.035764694213867,15.522174835205078,3112228,A,False,2003-07-11
2003-07-14,15.701001167297363,16.022890090942383,15.67954158782959,15.84406280517578,4971008,A,False,2003-07-14
2003-07-15,15.951358795166016,16.194564819335938,15.74392032623291,15.901288032531738,5370836,A,False,2003-07-15
2003-07-16,15.937052726745604,15.994277954101562,15.321887969970703,15.69384765625,4631714,A,False,2003-07-16
2003-07-21,15.321887969970703,15.321887969970703,14.60658073425293,14.67095947265625,11127800,,False,2003-07-21
2003-07-22,14.878397941589355,15.37911319732666,14.878397941589355,15.36480712890625,3141166,A,False,2003-07-22
2003-07-23,15.400571823120115,15.507867813110352,14.98569393157959,15.486409187316896,2337456,A,False,2003-07-23
2003-07-24,15.52932834625244,15.92990016937256,15.386265754699709,15.46494960784912,3297463,A,False,2003-07-24
2003-07-25,15.486409187316896,15.593705177307127,15.236051559448242,15.543634414672852,2022766,A,False,2003-07-25
2003-07-29,15.49356174468994,15.84406280517578,15.49356174468994,15.69384765625,4807303,,False,2003-07-29
2003-07-30,15.69384765625,15.722460746765137,15.35050106048584,15.414877891540527,2234004,A,False,2003-07-30
2003-07-31,15.522174835205078,15.81545066833496,15.37911319732666,15.543634414672852,2180321,A,False,2003-07-31
2003-08-01,15.543634414672852,15.629470825195312,15.250357627868652,15.414877891540527,1921691,A,False,2003-08-01
2003-08-04,15.39341926574707,15.600857734680176,15.107295989990234,15.42203140258789,1649780,A,False,2003-08-04
2003-08-05,15.35050106048584,15.522174835205078,14.878397941589355,14.899856567382812,2825498,A,False,2003-08-05
2003-08-06,14.84978485107422,14.949928283691406,14.53505039215088,14.721030235290527,1968803,A,False,2003-08-06
2003-08-07,14.64949893951416,14.864091873168944,14.527896881103516,14.785408020019531,1606582,A,False,2003-08-07
2003-08-08,14.828326225280762,15.035764694213867,14.678112030029297,14.79971408843994,1419949,A,False,2003-08-08
2003-08-11,14.871245384216309,15.078683853149414,14.79971408843994,15.035764694213867,1383880,A,False,2003-08-11
2003-08-12,15.057225227355955,15.22889804840088,14.914162635803224,15.20028591156006,1517669,A,False,2003-08-12
2003-08-13,15.236051559448242,15.472103118896484,15.092989921569824,15.371959686279297,1722616,A,False,2003-08-13
2003-08-14,15.343347549438477,15.586551666259766,15.128754615783691,15.565093040466309,1742467,A,False,2003-08-14
2003-08-15,15.49356174468994,15.643776893615724,15.40772533416748,15.57939910888672,672718,A,False,2003-08-15
2003-08-18,15.57939910888672,16.108726501464844,15.565093040466309,16.065807342529297,2675073,A,False,2003-08-18
2003-08-19,16.63805389404297,17.439199447631836,16.566524505615234,17.374820709228516,9599507,A,False,2003-08-19
2003-08-20,17.110157012939453,17.54649543762207,17.052932739257812,17.439199447631836,4400345,A,False,2003-08-20
2003-08-22,17.474964141845703,18.09728240966797,17.467811584472656,17.467811584472656,6712916,,False,2003-08-22
2003-08-25,17.2961368560791,17.439199447631836,17.153076171875,17.246065139770508,1856404,A,False,2003-08-25
2003-08-26,17.074392318725586,17.203147888183594,16.866952896118164,17.167381286621094,3217916,A,False,2003-08-26
2003-08-28,17.274677276611328,17.682403564453125,17.274677276611328,17.374820709228516,7774698,,False,2003-08-28
2003-08-29,17.274677276611328,17.410587310791016,17.224607467651367,17.39628028869629,2660114,A,False,2003-08-29
2003-09-03,17.45350456237793,17.69671058654785,17.381973266601562,17.525035858154297,10156470,,False,2003-09-03
2003-09-04,17.525035858154297,18.018598556518555,17.525035858154297,17.989986419677734,4280117,A,False,2003-09-04
2003-09-05,17.989986419677734,18.32617950439453,17.768239974975586,18.24034309387207,5634359,A,False,2003-09-05
2003-09-09,18.383405685424805,18.94134521484375,18.383405685424805,18.51215934753418,8144328,,False,2003-09-09
2003-09-15,17.8826904296875,17.8826904296875,17.460657119750977,17.525035858154297,11606337,,False,2003-09-15
2003-09-17,17.39628028869629,17.7038631439209,17.346208572387695,17.596567153930664,7388151,,False,2003-09-17
2003-09-18,17.417739868164062,17.689556121826172,17.310443878173828,17.56795310974121,2813056,A,False,2003-09-18
2003-09-19,17.596567153930664,17.947067260742188,17.560800552368164,17.91130256652832,4707905,A,False,2003-09-19
2003-09-22,17.560800552368164,17.653791427612305,17.310443878173828,17.474964141845703,2312432,A,False,2003-09-22
2003-09-23,17.389127731323242,17.66094398498535,17.389127731323242,17.63233184814453,1825928,A,False,2003-09-23
2003-09-24,17.63233184814453,17.63233184814453,16.502145767211914,16.502145767211914,4798076,A,False,2003-09-24
2003-09-25,16.57367706298828,17.03862762451172,16.287553787231445,16.323318481445312,3201979,A,False,2003-09-25
2003-09-26,16.23748207092285,16.409156799316406,15.95851230621338,16.008583068847656,2198355,A,False,2003-09-26
2003-09-29,16.065807342529297,16.380544662475586,15.879828453063965,16.20886993408203,1967405,A,False,2003-09-29
2003-10-01,16.108726501464844,16.108726501464844,15.765378952026367,15.915594100952148,5383977,,False,2003-10-01
2003-10-02,15.808298110961914,15.865522384643556,15.622318267822266,15.7296142578125,3370159,A,False,2003-10-02
2003-10-07,16.523605346679688,16.85264778137207,16.316165924072266,16.75965690612793,9353319,,False,2003-10-07
2003-10-08,16.93848419189453,16.988555908203125,16.60944175720215,16.745351791381836,2300968,A,False,2003-10-08
2003-10-10,16.795421600341797,17.138769149780273,16.795421600341797,16.952789306640625,3354640,,False,2003-10-10
2003-10-13,17.024320602416992,17.153076171875,16.952789306640625,17.081544876098633,1346973,A,False,2003-10-13
2003-10-14,17.024320602416992,17.274677276611328,16.96709632873535,17.21745491027832,2226175,A,False,2003-10-14
2003-10-15,17.43204689025879,17.525035858154297,17.195993423461914,17.33905601501465,3097968,A,False,2003-10-15
2003-10-16,17.310443878173828,17.446352005004883,17.18168830871582,17.39628028869629,2324594,A,False,2003-10-16
2003-10-17,17.374820709228516,17.374820709228516,17.052932739257812,17.153076171875,2534434,A,False,2003-10-17
2003-10-20,17.09585189819336,17.160228729248047,16.917024612426758,17.045780181884766,1295107,A,False,2003-10-20
2003-10-21,17.00286102294922,17.324750900268555,16.952789306640625,17.18168830871582,2141596,A,False,2003-10-21
2003-10-22,17.024320602416992,17.052932739257812,16.666667938232422,16.795421600341797,1475030,A,False,2003-10-22
2003-10-24,16.51645278930664,16.51645278930664,16.201717376708984,16.502145767211914,4064685,,False,2003-10-24
2003-10-27,16.53791046142578,16.559371948242188,16.251787185668945,16.35908317565918,1520884,A,False,2003-10-27
2003-10-28,16.45207405090332,17.167381286621094,16.437768936157227,17.167381286621094,2841295,A,False,2003-10-28
2003-10-29,17.160228729248047,17.30328941345215,17.017166137695312,17.231760025024414,2505076,A,False,2003-10-29
2003-10-31,17.625179290771484,18.104434967041016,17.625179290771484,17.825464248657227,9292086,,False,2003-10-31
2003-11-03,17.87553596496582,18.168813705444336,17.861230850219727,18.09012985229492,3168287,A,False,2003-11-03
2003-11-05,18.09012985229492,18.347639083862305,17.989986419677734,18.31187438964844,5580536,,False,2003-11-05
2003-11-06,18.31187438964844,18.79113006591797,18.31187438964844,18.79113006591797,3614389,A,False,2003-11-06
2003-11-07,18.79113006591797,19.45636558532715,18.626609802246094,19.18454933166504,4598581,A,False,2003-11-07
2003-11-10,19.09871292114257,19.163089752197266,18.42632293701172,18.505006790161133,2868137,A,False,2003-11-10
2003-11-11,18.383405685424805,18.74105834960937,18.24034309387207,18.5765380859375,2606851,A,False,2003-11-11
2003-11-12,18.51215934753418,19.313304901123047,18.404863357543945,19.22031593322754,3873718,A,False,2003-11-12
2003-11-13,19.277538299560547,19.39198875427246,18.88412094116211,18.955650329589844,3241822,A,False,2003-11-13
2003-11-14,18.955650329589844,19.599428176879883,18.955650329589844,19.03433418273925,4589774,A,False,2003-11-14
2003-11-17,19.03433418273925,19.313304901123047,18.31187438964844,19.134477615356445,6865718,A,False,2003-11-17
2003-11-18,20.672388076782227,20.99427795410156,19.799713134765625,19.864091873168945,11798141,A,False,2003-11-18
2003-11-20,19.76394844055176,19.964235305786133,19.47782516479492,19.4849796295166,6172030,,False,2003-11-20
2003-11-21,19.4849796295166,19.52074432373047,19.14163017272949,19.4492130279541,3320110,A,False,2003-11-21
2003-11-24,19.4849796295166,19.921316146850582,19.4492130279541,19.81402015686035,3855404,A,False,2003-11-24
2003-11-25,19.81402015686035,20.021459579467773,19.67095947265625,19.871244430541992,2946704,A,False,2003-11-25
2003-11-26,19.89270401000977,20.171674728393555,19.88555145263672,20.0500717163086,2086235,A,False,2003-11-26
2003-11-28,19.95708274841309,20.257511138916016,19.95708274841309,20.22889709472656,1332574,A,False,2003-11-28
2003-12-01,20.34334754943848,20.34334754943848,20.100143432617188,20.22889709472656,3194710,A,False,2003-12-01
2003-12-03,20.22889709472656,20.28612327575684,19.828325271606445,20.24320411682129,8282731,,False,2003-12-03
2003-12-04,20.207439422607425,20.314735412597656,19.878398895263672,20.021459579467773,4743134,A,False,2003-12-04
2003-12-05,19.778255462646484,20.22889709472656,19.15593719482422,19.256080627441406,3072944,A,False,2003-12-05
2003-12-08,19.263233184814453,19.69957160949707,19.134477615356445,19.6423454284668,2987666,A,False,2003-12-08
2003-12-09,19.8211727142334,19.949928283691406,19.177396774291992,19.21316146850586,3697990,A,False,2003-12-09
2003-12-10,19.14163017272949,19.38483428955078,18.805435180664062,18.977109909057617,4613120,A,False,2003-12-10
2003-12-11,19.048641204833984,19.60658073425293,19.048641204833984,19.52074432373047,2696602,A,False,2003-12-11
2003-12-15,19.563661575317383,19.84263229370117,19.370529174804688,19.39198875427246,5757383,,False,2003-12-15
2003-12-16,19.277538299560547,19.74964141845703,19.19170188903809,19.6423454284668,2578611,A,False,2003-12-16
2003-12-17,19.678112030029297,19.685264587402344,19.14163017272949,19.44206047058105,2362480,A,False,2003-12-17
2003-12-18,19.313304901123047,20.100143432617188,19.313304901123047,19.89985656738281,3739370,A,False,2003-12-18
2003-12-23,20.18597984313965,20.386266708374023,20.107295989990234,20.22174453735352,11447943,,False,2003-12-23
2003-12-24,20.128755569458008,20.207439422607425,20.0,20.07868385314941,742058,A,False,2003-12-24
2003-12-29,20.014305114746094,20.121601104736328,19.95708274841309,20.121601104736328,2694785,,False,2003-12-29
2003-12-30,20.42203140258789,20.629470825195312,20.386266708374023,20.529327392578125,1762039,A,False,2003-12-30
2004-01-02,20.58655166625977,21.04434967041016,20.58655166625977,20.60085868835449,6073751,,False,2004-01-02
2004-01-05,21.1015739440918,21.14449119567871,20.89413452148437,21.137338638305664,5234531,A,False,2004-01-05
2004-01-06,21.137338638305664,21.81688117980957,21.080114364624023,21.802574157714844,4921100,A,False,2004-01-06
2004-01-07,21.81688117980957,22.08154487609864,21.67382049560547,22.08154487609864,4231606,A,False,2004-01-07
2004-01-08,22.09585189819336,23.11874008178711,22.05293273925781,23.09012985229492,7320487,A,False,2004-01-08
2004-01-09,22.96137237548828,23.204578399658203,22.81831169128418,22.92560768127441,4026659,A,False,2004-01-09
2004-01-12,22.92560768127441,23.19027137756348,22.60371971130371,23.175966262817383,3736854,A,False,2004-01-12
2004-01-13,23.21173095703125,23.319026947021484,22.918455123901367,23.06151580810547,5497635,A,False,2004-01-13
2004-01-14,23.06867027282715,23.14735221862793,22.8826904296875,22.98998641967773,4808421,A,False,2004-01-14
2004-01-15,23.06867027282715,23.569385528564453,22.8969955444336,23.54077339172364,6278977,A,False,2004-01-15
2004-01-20,24.00572204589844,24.58512115478516,24.00572204589844,24.327611923217773,11105991,,False,2004-01-20
2004-01-21,24.39198875427246,25.0,24.170242309570312,24.871244430541992,6111217,A,False,2004-01-21
2004-01-22,24.871244430541992,25.07868385314941,24.30615234375,24.30615234375,5006797,A,False,2004-01-22
2004-01-26,24.313304901123047,24.434907913208008,23.612302780151367,24.256080627441406,7933510,,False,2004-01-26
2004-01-27,26.716737747192383,27.75393486022949,25.75107383728028,25.822603225708008,30615082,A,False,2004-01-27
2004-01-28,25.987123489379883,26.29470634460449,25.715307235717773,25.715307235717773,7704378,A,False,2004-01-28
2004-01-29,25.793991088867188,26.1015739440918,25.071531295776367,25.500715255737305,5479601,A,False,2004-01-29
2004-01-30,25.48640823364257,26.50929832458496,25.28612327575684,26.36623764038086,7774418,A,False,2004-01-30
2004-02-02,26.430614471435547,26.645206451416016,25.901287078857425,26.051502227783203,4275224,A,False,2004-02-02
2004-02-03,25.78683853149414,26.287553787231445,25.75107383728028,26.09442138671875,5228240,A,False,2004-02-03
2004-02-04,25.965665817260746,25.965665817260746,25.207439422607425,25.25035858154297,3855544,A,False,2004-02-04
2004-02-06,25.23605155944824,25.557939529418945,25.14306259155273,25.557939529418945,7962589,,False,2004-02-06
2004-02-10,26.38769721984864,26.809728622436523,26.33762550354004,26.73104476928711,7519004,,False,2004-02-10
2004-02-11,26.68097305297852,26.90271759033203,26.39484977722168,26.752504348754883,3919153,A,False,2004-02-11
2004-02-12,26.57367706298828,26.773963928222656,26.287553787231445,26.409156799316406,2975643,A,False,2004-02-12
2004-02-13,26.45207405090332,26.645206451416016,26.251787185668945,26.523605346679688,2794602,A,False,2004-02-13
2004-02-17,26.523605346679688,26.90987014770508,26.36623764038086,26.81688117980957,4165760,A,False,2004-02-17
2004-02-18,25.75107383728028,26.2446346282959,25.257511138916016,25.736766815185547,12329102,A,False,2004-02-18
2004-02-19,26.03719520568848,26.251787185668945,25.75107383728028,25.81545066833496,5293527,A,False,2004-02-19
2004-02-20,25.81545066833496,25.81545066833496,25.0,25.071531295776367,4866298,A,False,2004-02-20
2004-02-23,24.978540420532227,24.985694885253903,23.869813919067383,24.12017250061035,5168126,A,False,2004-02-23
2004-02-24,23.962804794311523,24.39198875427246,23.74821281433105,24.14163017272949,6072213,A,False,2004-02-24
2004-02-25,23.81974220275879,24.49213218688965,23.81974220275879,24.284692764282227,3626831,A,False,2004-02-25
2004-02-27,24.284692764282227,24.628040313720703,24.15593719482422,24.45636558532715,7122810,,False,2004-02-27
2004-03-01,24.42060089111328,24.67095947265625,24.263233184814453,24.556509017944336,3855964,A,False,2004-03-01
2004-03-02,24.556509017944336,24.84978485107422,24.42060089111328,24.4849796295166,2838779,A,False,2004-03-02
2004-03-09,24.370529174804688,24.370529174804688,23.42632293701172,23.48354721069336,17493035,,False,2004-03-09
2004-03-10,23.60515022277832,23.733905792236328,22.57510757446289,22.57510757446289,7794549,A,False,2004-03-10
2004-03-12,22.460657119750977,22.825464248657227,21.6022891998291,22.63948440551757,15180323,,False,2004-03-12
2004-03-16,21.802574157714844,21.802574157714844,20.987123489379883,21.59513664245605,9505980,,False,2004-03-16
2004-03-18,21.7954216003418,22.854076385498047,21.7954216003418,21.888412475585938,10612637,,False,2004-03-18
2004-03-19,22.103004455566406,22.281831741333008,21.766809463500977,21.85264778137207,4410690,A,False,2004-03-19
2004-03-22,21.709585189819336,21.90271759033203,21.330472946166992,21.57367706298828,4468987,A,False,2004-03-22
2004-03-23,21.6022891998291,21.67382049560547,20.60801124572754,20.672388076782227,6607927,A,False,2004-03-23
2004-03-24,20.701000213623047,21.287553787231445,20.60085868835449,20.93705368041992,5443393,A,False,2004-03-24
2004-03-25,21.2446346282959,22.14592361450196,21.1015739440918,21.959943771362305,4737403,A,False,2004-03-25
2004-03-26,21.824033737182617,22.2961368560791,21.73819732666016,22.024320602416992,3302775,A,False,2004-03-26
2004-03-30,22.174535751342773,22.596567153930664,22.174535751342773,22.503576278686523,6532294,,False,2004-03-30
2004-03-31,22.532188415527344,22.861230850219727,22.460657119750977,22.625179290771484,3512615,A,False,2004-03-31
2004-04-01,22.625179290771484,22.889842987060547,22.539342880249023,22.63233184814453,3145220,A,False,2004-04-01
2004-04-02,22.92560768127441,23.175966262817383,22.68955612182617,23.11874008178711,4838478,A,False,2004-04-02
2004-04-06,23.054363250732425,23.39055824279785,22.861230850219727,23.33333206176757,6086612,,False,2004-04-06
2004-04-07,23.03290367126465,23.233190536499023,22.532188415527344,22.78969955444336,3353383,A,False,2004-04-07
2004-04-12,22.854076385498047,23.376251220703125,22.711015701293945,22.796852111816406,3632004,,False,2004-04-12
2004-04-13,22.81831169128418,22.825464248657227,21.93132972717285,22.18168830871582,3510098,A,False,2004-04-13
2004-04-14,22.00286102294922,22.253219604492188,21.781116485595703,22.00286102294922,3193591,A,False,2004-04-14
2004-04-22,21.065807342529297,21.065807342529297,20.414878845214844,21.008583068847656,24257398,,False,2004-04-22
2004-04-26,20.93705368041992,21.323318481445312,20.78683853149414,20.80829811096192,6475396,,False,2004-04-26
2004-04-27,20.81545066833496,21.15879821777344,20.529327392578125,20.60801124572754,2374503,A,False,2004-04-27
2004-04-28,20.45779609680176,20.529327392578125,20.121601104736328,20.24320411682129,3082450,A,False,2004-04-28
2004-04-29,20.13590812683105,20.30042839050293,19.53504943847656,19.88555145263672,3176815,A,False,2004-04-29
2004-04-30,19.921316146850582,20.08583641052246,19.248926162719727,19.320457458496094,3051554,A,False,2004-04-30
2004-05-03,19.34906959533692,19.806867599487305,19.170242309570312,19.49928474426269,4148565,A,False,2004-05-03
2004-05-06,19.105865478515625,19.105865478515625,18.59799766540528,18.84120178222656,15132371,,False,2004-05-06
2004-05-07,18.74105834960937,19.15593719482422,18.676681518554688,18.81974220275879,4021487,A,False,2004-05-07
2004-05-10,18.49070167541504,18.626609802246094,17.918455123901367,18.175966262817383,6914228,A,False,2004-05-10
2004-05-12,18.383405685424805,18.88412094116211,18.24034309387207,18.712446212768555,11152126,,False,2004-05-12
2004-05-14,18.419170379638672,18.74821281433105,18.168813705444336,18.30472183227539,7301754,,False,2004-05-14
2004-05-18,18.204578399658203,18.30472183227539,17.525035858154297,18.168813705444336,17479613,,False,2004-05-18
2004-05-19,18.383405685424805,18.669527053833008,17.99713897705078,18.03290367126465,7976429,A,False,2004-05-19
2004-05-20,17.954219818115234,17.954219818115234,17.381973266601562,17.381973266601562,5571030,A,False,2004-05-20
2004-05-21,17.460657119750977,17.610872268676758,17.260372161865234,17.439199447631836,3700786,A,False,2004-05-21
2004-05-25,17.539342880249023,17.711015701293945,17.346208572387695,17.689556121826172,11224542,,False,2004-05-25
2004-05-26,17.775392532348633,17.99713897705078,17.7038631439209,17.854076385498047,5301076,A,False,2004-05-26
2004-05-27,17.93991470336914,18.30472183227539,17.8826904296875,18.175966262817383,5504066,A,False,2004-05-27
2004-05-28,18.175966262817383,18.46208953857422,18.011444091796875,18.383405685424805,4778224,A,False,2004-05-28
2004-06-01,18.204578399658203,18.51215934753418,18.168813705444336,18.45493507385254,6360760,A,False,2004-06-01
2004-06-02,18.46208953857422,18.505006790161133,18.0257511138916,18.168813705444336,4273267,A,False,2004-06-02
2004-06-03,18.09728240966797,18.218883514404297,17.918455123901367,17.918455123901367,4591591,A,False,2004-06-03
2004-06-04,18.09728240966797,18.27610969543457,17.982833862304688,18.04005622863769,3632284,A,False,2004-06-04
2004-06-07,18.204578399658203,19.01287651062012,18.18311882019043,18.962804794311523,5046640,A,False,2004-06-07
2004-06-09,18.984262466430664,19.1273250579834,18.76251792907715,18.76251792907715,8130489,,False,2004-06-09
2004-06-10,18.705293655395508,18.862661361694336,18.612302780151367,18.812589645385746,2310614,A,False,2004-06-10
2004-06-16,18.676681518554688,18.676681518554688,18.419170379638672,18.648069381713867,9357653,,False,2004-06-16
2004-06-18,18.505006790161133,18.526466369628903,18.15450668334961,18.51931381225586,6763244,,False,2004-06-18
2004-06-22,18.51931381225586,18.83404922485352,18.254648208618164,18.69098663330078,6129111,,False,2004-06-22
2004-06-23,18.74105834960937,19.38483428955078,18.74105834960937,19.341917037963867,3722175,A,False,2004-06-23
2004-06-30,20.851215362548828,21.230329513549805,20.851215362548828,20.94420623779297,29202962,,False,2004-06-30
2004-07-01,20.829757690429688,20.851215362548828,20.13590812683105,20.48640823364257,4608787,A,False,2004-07-01
2004-07-06,20.40057182312012,20.436338424682617,19.613733291625977,19.613733291625977,5943737,,False,2004-07-06
2004-07-07,19.54220390319824,19.878398895263672,19.52074432373047,19.54220390319824,3283063,A,False,2004-07-07
2004-07-08,19.52074432373047,19.656652450561523,19.21316146850586,19.22031593322754,2949081,A,False,2004-07-08
2004-07-09,19.313304901123047,19.628040313720703,19.163089752197266,19.19885635375977,2661373,A,False,2004-07-09
2004-07-12,18.955650329589844,18.962804794311523,18.526466369628903,18.812589645385746,4414465,A,False,2004-07-12
2004-07-13,18.812589645385746,19.06294631958008,18.69098663330078,18.798282623291016,2807324,A,False,2004-07-13
2004-07-14,18.562231063842773,18.99856948852539,18.347639083862305,18.45493507385254,3624175,A,False,2004-07-14
2004-07-15,18.669527053833008,18.705293655395508,18.290414810180664,18.48354721069336,3409582,A,False,2004-07-15
2004-07-16,18.562231063842773,18.669527053833008,18.06151580810547,18.104434967041016,2537230,A,False,2004-07-16
2004-07-21,18.03290367126465,18.34048652648925,17.489269256591797,17.525035858154297,12294012,,False,2004-07-21
2004-07-22,17.439199447631836,17.825464248657227,17.23891258239746,17.775392532348633,4709862,A,False,2004-07-22
2004-07-23,17.63233184814453,17.63233184814453,16.85264778137207,16.85264778137207,5388731,A,False,2004-07-23
2004-07-26,16.88125991821289,17.010013580322266,16.416309356689453,16.587982177734375,4041618,A,False,2004-07-26
2004-07-27,16.48784065246582,16.766809463500977,16.323318481445312,16.630901336669922,4616615,A,False,2004-07-27
2004-07-28,16.523605346679688,16.63805389404297,16.187410354614258,16.316165924072266,5490365,A,False,2004-07-28
2004-07-29,16.48784065246582,16.945636749267578,16.48784065246582,16.84549331665039,5296183,A,False,2004-07-29
2004-07-30,16.81688117980957,17.18168830871582,16.623748779296875,17.03147315979004,4327369,A,False,2004-07-30
2004-08-02,17.03862762451172,17.281831741333008,16.809728622436523,17.188840866088867,2675213,A,False,2004-08-02
2004-08-03,17.167381286621094,17.203147888183594,16.466381072998047,16.580829620361328,3317454,A,False,2004-08-03
2004-08-05,16.552217483520508,16.57367706298828,16.05865478515625,16.130186080932617,5505185,,False,2004-08-05
2004-08-06,15.858368873596191,16.008583068847656,15.572245597839355,15.629470825195312,2657458,A,False,2004-08-06
2004-08-09,15.643776893615724,15.858368873596191,15.486409187316896,15.736766815185549,2351995,A,False,2004-08-09
2004-08-10,15.808298110961914,16.45207405090332,15.779685020446776,16.351930618286133,4130950,A,False,2004-08-10
2004-08-11,16.344778060913086,16.344778060913086,15.300429344177246,15.572245597839355,7051512,A,False,2004-08-11
2004-08-16,14.914162635803224,14.914162635803224,13.95565128326416,14.821172714233398,25389498,,False,2004-08-16
2004-08-17,14.964235305786133,15.22889804840088,14.914162635803224,15.157367706298828,4587677,A,False,2004-08-17
2004-08-18,15.193133354187012,15.57939910888672,15.135908126831056,15.572245597839355,3756566,A,False,2004-08-18
2004-08-19,15.572245597839355,15.722460746765137,15.450643539428713,15.600857734680176,3080353,A,False,2004-08-19
2004-08-20,15.57939910888672,15.972818374633787,15.457797050476074,15.879828453063965,2047930,A,False,2004-08-20
2004-08-23,15.979970932006836,16.09442138671875,15.701001167297363,15.84406280517578,2579729,A,False,2004-08-23
2004-08-24,15.879828453063965,15.908440589904783,15.35050106048584,15.457797050476074,2774611,A,False,2004-08-24
2004-08-25,15.436338424682615,15.75822639465332,15.22889804840088,15.708154678344728,3653533,A,False,2004-08-25
2004-08-27,15.701001167297363,15.808298110961914,15.42203140258789,15.479255676269531,5911722,,False,2004-08-27
2004-08-30,15.37911319732666,15.40772533416748,15.064377784729004,15.11444854736328,3014507,A,False,2004-08-30
2004-09-01,14.98569393157959,14.98569393157959,14.32045841217041,14.79971408843994,12995948,,False,2004-09-01
2004-09-02,14.806866645812988,15.236051559448242,14.570815086364746,15.164521217346191,2676471,A,False,2004-09-02
2004-09-07,14.97138786315918,14.97138786315918,14.484978675842283,14.721030235290527,6340909,,False,2004-09-07
2004-09-08,14.542202949523926,14.66380500793457,14.406294822692873,14.434906959533691,2903227,A,False,2004-09-08
2004-09-09,14.549356460571287,15.22889804840088,14.53505039215088,15.135908126831056,3947812,A,False,2004-09-09
2004-09-10,15.050071716308594,16.2446346282959,15.02861213684082,16.2446346282959,7680892,A,False,2004-09-10
2004-09-13,16.323318481445312,16.595136642456055,16.23748207092285,16.36623764038086,4590333,A,False,2004-09-13
2004-09-14,16.323318481445312,16.4234619140625,16.00143051147461,16.380544662475586,2627261,A,False,2004-09-14
2004-09-15,16.344778060913086,16.351930618286133,15.879828453063965,16.008583068847656,2235542,A,False,2004-09-15
2004-09-16,15.994277954101562,16.387697219848633,15.994277954101562,16.051502227783203,2210378,A,False,2004-09-16
2004-09-17,16.087268829345703,16.437768936157227,16.087268829345703,16.380544662475586,4573417,A,False,2004-09-17
2004-09-21,16.409156799316406,16.88125991821289,16.409156799316406,16.680973052978516,7782666,,False,2004-09-21
2004-09-22,16.502145767211914,16.552217483520508,16.130186080932617,16.216022491455078,2481170,A,False,2004-09-22
2004-09-23,16.14449119567871,16.437768936157227,16.008583068847656,16.18025779724121,3216379,A,False,2004-09-23
2004-09-24,16.165950775146484,16.20886993408203,15.593705177307127,15.60801124572754,2753780,A,False,2004-09-24
2004-09-27,15.522174835205078,15.586551666259766,15.236051559448242,15.271817207336426,4113475,A,False,2004-09-27
2004-09-28,15.307581901550291,15.343347549438477,14.992847442626951,15.22889804840088,2758394,A,False,2004-09-28
2004-09-30,15.214591979980469,15.793991088867188,15.214591979980469,15.429184913635254,6487419,,False,2004-09-30
2004-10-01,15.522174835205078,16.473533630371094,15.522174835205078,16.444921493530273,4416142,A,False,2004-10-01
2004-10-04,16.738197326660156,17.010013580322266,16.6022891998291,16.838340759277344,5186580,A,False,2004-10-04
2004-10-05,16.809728622436523,16.895565032958984,16.437768936157227,16.6022891998291,4635488,A,False,2004-10-05
2004-10-06,16.48784065246582,16.502145767211914,16.23748207092285,16.466381072998047,3797108,A,False,2004-10-06
2004-10-07,16.344778060913086,16.473533630371094,16.216022491455078,16.258941650390625,3538478,A,False,2004-10-07
2004-10-08,16.223175048828125,16.35908317565918,15.84406280517578,15.901288032531738,3189956,A,False,2004-10-08
2004-10-11,16.158798217773438,16.23748207092285,15.808298110961914,15.851216316223145,4421035,A,False,2004-10-11
2004-10-12,15.74392032623291,15.751072883605955,15.472103118896484,15.67954158782959,5718239,A,False,2004-10-12
2004-10-13,16.022890090942383,16.2446346282959,15.951358795166016,16.044349670410156,4301646,A,False,2004-10-13
2004-10-14,16.044349670410156,16.087268829345703,15.708154678344728,15.836910247802734,3488290,A,False,2004-10-14
2004-10-18,16.022890090942383,16.530757904052734,16.022890090942383,16.430614471435547,7218992,,False,2004-10-18
2004-10-20,16.57367706298828,16.995708465576172,16.251787185668945,16.9742488861084,9664513,,False,2004-10-20
2004-10-22,17.03862762451172,17.66094398498535,17.03862762451172,17.09585189819336,9243157,,False,2004-10-22
2004-10-26,16.93132972717285,17.26752471923828,16.895565032958984,17.26752471923828,5851189,,False,2004-10-26
2004-10-27,17.3319034576416,17.96137237548828,17.26752471923828,17.868383407592773,3719798,A,False,2004-10-27
2004-10-29,17.868383407592773,18.104434967041016,17.675249099731445,17.925607681274414,6252555,,False,2004-10-29
2004-11-02,17.846923828125,18.0257511138916,17.439199447631836,17.825464248657227,6426047,,False,2004-11-02
2004-11-05,18.49785423278809,18.49785423278809,17.76108741760254,18.03290367126465,11734113,,False,2004-11-05
2004-11-08,17.81831169128418,18.51215934753418,17.81831169128418,18.43347549438477,3211905,A,False,2004-11-08
2004-11-09,18.204578399658203,18.526466369628903,18.08297538757324,18.283262252807617,2274965,A,False,2004-11-09
2004-11-10,18.31187438964844,18.376251220703125,17.91130256652832,17.918455123901367,2208700,A,False,2004-11-10
2004-11-11,17.96137237548828,18.505006790161133,17.954219818115234,18.36909866333008,3480181,A,False,2004-11-11
2004-11-12,16.63805389404297,16.63805389404297,15.665236473083496,16.15164566040039,27064721,A,False,2004-11-12
2004-11-16,16.137338638305664,16.688125610351562,16.137338638305664,16.416309356689453,12398163,,False,2004-11-16
2004-11-18,16.473533630371094,16.773963928222656,16.473533630371094,16.73104476928711,8368707,,False,2004-11-18
2004-11-19,16.766809463500977,16.766809463500977,16.39484977722168,16.54506492614746,2884493,A,False,2004-11-19
2004-11-22,16.459226608276367,16.559371948242188,16.301860809326172,16.50929832458496,2619992,A,False,2004-11-22
2004-11-24,16.380544662475586,16.473533630371094,16.258941650390625,16.473533630371094,5230197,,False,2004-11-24
2004-11-26,16.494993209838867,16.709585189819336,16.48784065246582,16.566524505615234,866760,A,False,2004-11-26
2004-11-29,16.552217483520508,16.659513473510742,16.323318481445312,16.48784065246582,1966287,A,False,2004-11-29
2004-11-30,16.323318481445312,16.50929832458496,16.301860809326172,16.373390197753906,2042618,A,False,2004-11-30
2004-12-01,16.473533630371094,16.952789306640625,16.473533630371094,16.945636749267578,2731133,A,False,2004-12-01
2004-12-02,16.945636749267578,17.56795310974121,16.93848419189453,17.195993423461914,4096280,A,False,2004-12-02
2004-12-03,17.30328941345215,17.739627838134766,17.188840866088867,17.317596435546875,2780482,A,False,2004-12-03
2004-12-07,17.274677276611328,17.467811584472656,17.06723976135254,17.081544876098633,4353372,,False,2004-12-07
2004-12-08,17.08869743347168,17.09585189819336,16.78826904296875,16.831186294555664,2414346,A,False,2004-12-08
2004-12-09,16.78826904296875,17.081544876098633,16.36623764038086,16.959943771362305,2912733,A,False,2004-12-09
2004-12-13,17.346208572387695,17.346208572387695,16.909870147705078,17.052932739257812,4525187,,False,2004-12-13
2004-12-14,16.9742488861084,17.360515594482422,16.9742488861084,17.310443878173828,2709604,A,False,2004-12-14
2004-12-15,17.310443878173828,17.618026733398438,17.253219604492188,17.2961368560791,3147178,A,False,2004-12-15
2004-12-16,17.024320602416992,17.253219604492188,16.917024612426758,16.93848419189453,2522831,A,False,2004-12-16
2004-12-17,16.802574157714844,17.167381286621094,16.795421600341797,17.03862762451172,3656888,A,False,2004-12-17
2004-12-20,17.09585189819336,17.30328941345215,16.84549331665039,16.859800338745117,2171234,A,False,2004-12-20
2004-12-21,16.824033737182617,17.12446403503418,16.81688117980957,17.03862762451172,2538349,A,False,2004-12-21
2004-12-23,17.06008529663086,17.288984298706055,17.024320602416992,17.145923614501953,3926703,,False,2004-12-23
2004-12-27,17.110157012939453,17.23891258239746,16.952789306640625,17.024320602416992,3111529,A,False,2004-12-27
2004-12-28,17.024320602416992,17.324750900268555,17.024320602416992,17.174535751342773,1716325,A,False,2004-12-28
2004-12-29,17.06723976135254,17.48211669921875,17.045780181884766,17.439199447631836,2049328,A,False,2004-12-29
2004-12-30,17.3319034576416,17.496423721313477,17.224607467651367,17.231760025024414,1724153,A,False,2004-12-30
2004-12-31,17.231760025024414,17.3319034576416,17.18168830871582,17.23891258239746,1650479,A,False,2004-12-31
2005-01-03,17.23891258239746,17.2961368560791,16.809728622436523,17.081544876098633,3378826,A,False,2005-01-03
2005-01-05,16.917024612426758,16.917024612426758,16.48784065246582,16.623748779296875,7645523,,False,2005-01-05
2005-01-06,16.738197326660156,16.766809463500977,16.230329513549805,16.258941650390625,3158641,A,False,2005-01-06
2005-01-07,16.223175048828125,16.416309356689453,16.187410354614258,16.2446346282959,2624326,A,False,2005-01-07
2005-01-10,16.216022491455078,16.251787185668945,15.92990016937256,16.165950775146484,3946135,A,False,2005-01-10
2005-01-12,15.886981010437012,16.022890090942383,15.622318267822266,15.865522384643556,6828810,,False,2005-01-12
2005-01-13,15.77253246307373,15.829756736755373,15.500715255737305,15.52932834625244,3330875,A,False,2005-01-13
2005-01-19,15.751072883605955,16.09442138671875,15.751072883605955,15.779685020446776,10015970,,False,2005-01-19
2005-01-20,15.779685020446776,16.137338638305664,15.77253246307373,15.915594100952148,5632961,A,False,2005-01-20
2005-01-21,15.915594100952148,15.922746658325195,15.536480903625488,15.593705177307127,5165051,A,False,2005-01-21
2005-01-24,15.60801124572754,15.636624336242676,15.32904052734375,15.33619499206543,4936757,A,False,2005-01-24
2005-01-25,15.386265754699709,15.736766815185549,15.343347549438477,15.593705177307127,2952716,A,False,2005-01-25
2005-01-27,15.672389030456545,15.901288032531738,15.60801124572754,15.736766815185549,5559706,,False,2005-01-27
2005-01-28,15.665236473083496,15.77253246307373,15.386265754699709,15.457797050476074,2934122,A,False,2005-01-28
2005-01-31,15.69384765625,15.915594100952148,15.665236473083496,15.81545066833496,2656899,A,False,2005-01-31
2005-02-01,15.74392032623291,16.130186080932617,15.74392032623291,16.108726501464844,2836542,A,False,2005-02-01
2005-02-02,16.11587905883789,16.287553787231445,15.9871244430542,16.23748207092285,2423992,A,False,2005-02-02
2005-02-04,16.080114364624023,16.080114364624023,15.629470825195312,16.05865478515625,5914379,,False,2005-02-04
2005-02-07,16.30901336669922,16.6022891998291,16.23748207092285,16.53791046142578,3863653,A,False,2005-02-07
2005-02-08,16.54506492614746,17.160228729248047,16.48784065246582,16.988555908203125,4378396,A,False,2005-02-08
2005-02-11,16.67382049560547,16.67382049560547,16.316165924072266,16.67382049560547,7151330,,False,2005-02-11
2005-02-16,16.952789306640625,17.54649543762207,16.952789306640625,17.1173095703125,17843932,,False,2005-02-16
2005-02-17,17.00286102294922,17.281831741333008,16.917024612426758,16.952789306640625,3459351,A,False,2005-02-17
2005-02-22,16.959943771362305,17.00286102294922,16.70243263244629,16.795421600341797,5222368,,False,2005-02-22
2005-02-23,16.84549331665039,16.88125991821289,16.35908317565918,16.437768936157227,4493312,A,False,2005-02-23
2005-02-24,16.380544662475586,16.623748779296875,16.30901336669922,16.587982177734375,5444930,A,False,2005-02-24
2005-02-25,16.63805389404297,16.888412475585938,16.48068618774414,16.84549331665039,4985128,A,False,2005-02-25
2005-02-28,16.84549331665039,17.21745491027832,16.84549331665039,17.167381286621094,3712808,A,False,2005-02-28
2005-03-02,17.23891258239746,17.589412689208984,17.23891258239746,17.410587310791016,6776945,,False,2005-03-02
2005-03-03,17.410587310791016,17.63233184814453,17.2961368560791,17.474964141845703,2720508,A,False,2005-03-03
2005-03-04,17.532188415527344,17.57510757446289,17.167381286621094,17.246065139770508,2358426,A,False,2005-03-04
2005-03-07,17.288984298706055,17.796852111816406,17.203147888183594,17.7038631439209,3172621,A,False,2005-03-07
2005-03-08,17.60371971130371,17.87553596496582,17.274677276611328,17.42489242553711,3214841,A,False,2005-03-08
2005-03-09,17.317596435546875,17.539342880249023,17.131616592407227,17.174535751342773,3013109,A,False,2005-03-09
2005-03-10,17.153076171875,17.260372161865234,16.90271759033203,17.103004455566406,2554845,A,False,2005-03-10
2005-03-11,17.06723976135254,17.203147888183594,16.63805389404297,16.69527816772461,2290483,A,False,2005-03-11
2005-03-15,16.666667938232422,16.995708465576172,16.616594314575195,16.63805389404297,5253964,,False,2005-03-15
2005-03-17,16.287553787231445,16.287553787231445,16.008583068847656,16.20886993408203,8099592,,False,2005-03-17
2005-03-18,16.108726501464844,16.158798217773438,15.84406280517578,15.9871244430542,9052889,A,False,2005-03-18
2005-03-24,16.09442138671875,16.33762550354004,16.09442138671875,16.17310333251953,13603938,,False,2005-03-24
2005-03-28,16.23748207092285,16.27324676513672,16.05865478515625,16.101573944091797,2359964,A,False,2005-03-28
2005-03-29,16.101573944091797,16.266094207763672,16.00143051147461,16.080114364624023,4043156,A,False,2005-03-29
2005-03-30,15.915594100952148,15.979970932006836,15.565093040466309,15.92990016937256,5543070,A,False,2005-03-30
2005-03-31,15.937052726745604,15.9871244430542,15.701001167297363,15.879828453063965,3786343,A,False,2005-03-31
2005-04-01,16.022890090942383,16.11587905883789,15.765378952026367,15.786837577819824,4717831,A,False,2005-04-01
2005-04-04,15.686695098876951,15.686695098876951,15.221744537353516,15.314735412597656,6827133,A,False,2005-04-04
2005-04-05,15.343347549438477,15.36480712890625,15.078683853149414,15.278969764709473,5839166,A,False,2005-04-05
2005-04-07,15.293275833129885,15.557939529418944,15.293275833129885,15.436338424682615,7067030,,False,2005-04-07
2005-04-08,15.414877891540527,15.550786972045898,15.286123275756836,15.286123275756836,2677869,A,False,2005-04-08
2005-04-13,15.264663696289062,15.286123275756836,14.842632293701172,14.88555145263672,11119413,,False,2005-04-13
2005-04-14,14.88555145263672,15.02861213684082,14.749642372131348,14.785408020019531,2925595,A,False,2005-04-14
2005-04-15,14.642346382141112,14.685264587402344,14.384835243225098,14.59227466583252,4777805,A,False,2005-04-15
2005-04-18,14.570815086364746,14.871245384216309,14.570815086364746,14.785408020019531,3426917,A,False,2005-04-18
2005-04-20,14.792560577392578,15.021458625793455,14.778255462646484,14.778255462646484,6329865,,False,2005-04-20
2005-04-22,14.95708179473877,15.293275833129885,14.95708179473877,15.092989921569824,6052361,,False,2005-04-22
2005-04-25,15.15021514892578,15.37911319732666,15.01430606842041,15.250357627868652,3068470,A,False,2005-04-25
2005-04-26,15.221744537353516,15.507867813110352,15.164521217346191,15.264663696289062,2782160,A,False,2005-04-26
2005-04-27,15.221744537353516,15.343347549438477,14.98569393157959,15.185979843139648,2429724,A,False,2005-04-27
2005-04-28,15.092989921569824,15.15021514892578,14.77110195159912,14.77110195159912,2629358,A,False,2005-04-28
2005-04-29,14.878397941589355,14.914162635803224,14.62088680267334,14.842632293701172,3612432,A,False,2005-04-29
2005-05-02,14.842632293701172,15.04291820526123,14.821172714233398,15.0,2168717,A,False,2005-05-02
2005-05-03,14.949928283691406,15.243205070495604,14.942774772644045,15.15021514892578,2257351,A,False,2005-05-03
2005-05-05,15.164521217346191,15.343347549438477,15.107295989990234,15.107295989990234,7565976,,False,2005-05-05
2005-05-06,15.128754615783691,15.42203140258789,15.11444854736328,15.37911319732666,2177525,A,False,2005-05-06
2005-05-10,15.450643539428713,15.722460746765137,15.450643539428713,15.636624336242676,5476525,,False,2005-05-10
2005-05-13,15.643776893615724,16.2446346282959,15.643776893615724,15.7296142578125,12917381,,False,2005-05-13
2005-05-17,15.629470825195312,15.665236473083496,15.171673774719238,15.665236473083496,12491969,,False,2005-05-17
2005-05-20,16.344778060913086,16.781116485595703,16.344778060913086,16.745351791381836,8302582,,False,2005-05-20
2005-05-23,16.680973052978516,16.945636749267578,16.666667938232422,16.90271759033203,3203517,A,False,2005-05-23
2005-05-24,16.809728622436523,17.153076171875,16.75965690612793,17.08869743347168,2963201,A,False,2005-05-24
2005-05-25,16.959943771362305,16.988555908203125,16.70243263244629,16.831186294555664,2130552,A,False,2005-05-25
2005-05-26,16.838340759277344,17.06008529663086,16.838340759277344,16.995708465576172,1806915,A,False,2005-05-26
2005-05-27,16.988555908203125,17.138769149780273,16.93132972717285,17.103004455566406,1156286,A,False,2005-05-27
2005-05-31,16.988555908203125,17.274677276611328,16.959943771362305,17.174535751342773,2871632,A,False,2005-05-31
2005-06-02,17.174535751342773,17.439199447631836,17.138769149780273,17.30328941345215,4192043,,False,2005-06-02
2005-06-03,17.310443878173828,17.310443878173828,17.131616592407227,17.21030044555664,1688644,A,False,2005-06-03
2005-06-06,17.489269256591797,17.7038631439209,17.346208572387695,17.539342880249023,4541962,A,False,2005-06-06
2005-06-08,17.525035858154297,17.646638870239258,17.260372161865234,17.489269256591797,4941231,,False,2005-06-08
2005-06-09,17.439199447631836,17.69671058654785,17.403432846069336,17.6680965423584,3957598,A,False,2005-06-09
2005-06-10,17.69671058654785,17.78254508972168,17.489269256591797,17.525035858154297,1914841,A,False,2005-06-10
2005-06-13,17.489269256591797,17.711015701293945,17.45350456237793,17.646638870239258,2105528,A,False,2005-06-13
2005-06-15,17.639484405517578,17.825464248657227,17.57510757446289,17.63233184814453,3251888,,False,2005-06-15
2005-06-16,17.7038631439209,17.73247528076172,17.553647994995117,17.57510757446289,1531229,A,False,2005-06-16
2005-06-21,17.775392532348633,17.8826904296875,17.653791427612305,17.653791427612305,7014466,,False,2005-06-21
2005-06-22,17.725322723388672,17.811159133911133,17.51788330078125,17.618026733398438,1993408,A,False,2005-06-22
2005-06-23,17.618026733398438,17.918455123901367,17.596567153930664,17.753934860229492,3662620,A,False,2005-06-23
2005-06-24,17.725322723388672,17.73247528076172,17.253219604492188,17.260372161865234,2575535,A,False,2005-06-24
2005-06-29,16.831186294555664,16.831186294555664,16.580829620361328,16.616594314575195,7945813,,False,2005-06-29
2005-06-30,16.50929832458496,16.595136642456055,16.416309356689453,16.466381072998047,2410851,A,False,2005-06-30
2005-07-05,16.595136642456055,17.024320602416992,16.54506492614746,16.895565032958984,4275224,,False,2005-07-05
2005-07-06,16.859800338745117,17.195993423461914,16.859800338745117,16.909870147705078,2280418,A,False,2005-07-06
2005-07-07,16.738197326660156,17.08869743347168,16.54506492614746,17.081544876098633,3442016,A,False,2005-07-07
2005-07-08,17.131616592407227,17.474964141845703,17.09585189819336,17.410587310791016,3375611,A,False,2005-07-08
2005-07-14,18.36194610595703,18.776824951171875,18.36194610595703,18.412017822265625,18452761,,False,2005-07-14
2005-07-15,18.48354721069336,18.48354721069336,18.19742584228516,18.354793548583984,2025562,A,False,2005-07-15
2005-07-18,18.31187438964844,18.36194610595703,18.08297538757324,18.36194610595703,1994666,A,False,2005-07-18
2005-07-19,18.36194610595703,18.65522193908692,18.21173095703125,18.562231063842773,2267276,A,False,2005-07-19
2005-07-21,18.51931381225586,18.705293655395508,18.412017822265625,18.49070167541504,6184892,,False,2005-07-21
2005-07-25,18.44062805175781,18.45493507385254,18.14735221862793,18.31187438964844,3660803,,False,2005-07-25
2005-07-26,18.31187438964844,18.733905792236328,18.31187438964844,18.583690643310547,2810679,A,False,2005-07-26
2005-07-28,18.776824951171875,19.048641204833984,18.776824951171875,18.898426055908203,4674073,,False,2005-07-28
2005-07-29,18.82689666748047,18.94134521484375,18.69098663330078,18.769670486450195,1333412,A,False,2005-07-29
2005-08-01,18.76251792907715,19.134477615356445,18.76251792907715,18.962804794311523,1878632,A,False,2005-08-01
2005-08-02,19.041488647460938,19.15593719482422,18.96995735168457,19.048641204833984,1791677,A,False,2005-08-02
2005-08-03,18.89127349853516,19.14878463745117,18.68383407592773,19.14878463745117,1961114,A,False,2005-08-03
2005-08-04,19.09871292114257,19.105865478515625,18.669527053833008,18.733905792236328,2370728,A,False,2005-08-04
2005-08-05,18.562231063842773,18.712446212768555,18.469242095947266,18.505006790161133,1944059,A,False,2005-08-05
2005-08-10,18.383405685424805,18.383405685424805,18.011444091796875,18.09728240966797,7006497,,False,2005-08-10
2005-08-11,18.09728240966797,18.68383407592773,18.054363250732425,18.68383407592773,2182278,A,False,2005-08-11
2005-08-12,18.705293655395508,19.07010078430176,18.705293655395508,18.89127349853516,5382440,A,False,2005-08-12
2005-08-16,21.2446346282959,22.06723976135254,21.12303352355957,21.802574157714844,41017459,,False,2005-08-16
2005-08-18,21.959943771362305,22.281831741333008,21.959943771362305,22.103004455566406,14234017,,False,2005-08-18
2005-08-19,22.103004455566406,22.14592361450196,21.895565032958984,21.924177169799805,4095860,A,False,2005-08-19
2005-08-22,21.752504348754883,22.03147315979004,21.752504348754883,21.959943771362305,5358674,A,False,2005-08-22
2005-08-25,21.888412475585938,22.00286102294922,21.4234619140625,22.00286102294922,23929567,,False,2005-08-25
2005-08-26,21.959943771362305,22.3319034576416,21.959943771362305,22.246065139770508,6772751,A,False,2005-08-26
2005-08-29,22.03147315979004,22.54649543762207,22.03147315979004,22.360515594482425,4843231,A,False,2005-08-29
2005-08-30,22.42489242553711,22.947067260742188,22.39628028869629,22.90414810180664,5935209,A,False,2005-08-30
2005-08-31,22.90414810180664,23.04721069335937,22.711015701293945,23.004291534423828,3016185,A,False,2005-08-31
2005-09-06,22.92560768127441,23.261802673339844,22.92560768127441,23.233190536499023,12442340,,False,2005-09-06
2005-09-07,23.09012985229492,23.32617950439453,23.09012985229492,23.24034309387207,4619691,A,False,2005-09-07
2005-09-08,23.204578399658203,23.283262252807617,22.854076385498047,23.03290367126465,5094452,A,False,2005-09-08
2005-09-09,23.018598556518555,23.376251220703125,22.975679397583008,23.33333206176757,3532327,A,False,2005-09-09
2005-09-13,23.54077339172364,23.927038192749023,23.54077339172364,23.669527053833008,14493206,,False,2005-09-13
2005-09-14,23.49785423278809,23.54792594909668,23.29756736755371,23.34048652648925,3368761,A,False,2005-09-14
2005-09-15,23.53361892700196,23.7195987701416,23.43347549438477,23.626609802246094,4178342,A,False,2005-09-15
2005-09-19,23.898426055908203,24.320457458496094,23.898426055908203,24.07010078430176,15165784,,False,2005-09-19
2005-09-20,24.19170188903809,24.6423454284668,24.19170188903809,24.341917037963867,5504765,A,False,2005-09-20
2005-09-21,24.19170188903809,24.30615234375,23.85550880432129,24.06294631958008,4228391,A,False,2005-09-21
2005-09-22,23.962804794311523,24.14163017272949,23.69098663330078,24.0915584564209,5213561,A,False,2005-09-22
2005-09-23,23.962804794311523,24.263233184814453,23.84120178222656,24.09871292114257,4984289,A,False,2005-09-23
2005-09-26,24.177396774291992,24.30615234375,23.934192657470703,24.03433418273925,3827025,A,False,2005-09-26
2005-09-27,24.03433418273925,24.14163017272949,23.898426055908203,23.934192657470703,3930197,A,False,2005-09-27
2005-09-28,23.99856948852539,24.12017250061035,23.63376235961914,23.769670486450195,3909227,A,False,2005-09-28
2005-09-30,23.59799766540528,23.59799766540528,23.24034309387207,23.42632293701172,15380796,,False,2005-09-30
2005-10-03,23.48354721069336,23.81974220275879,23.48354721069336,23.59799766540528,6663847,A,False,2005-10-03
2005-10-04,23.63376235961914,23.712446212768555,23.12589454650879,23.218883514404297,4797517,A,False,2005-10-04
2005-10-05,22.975679397583008,22.98998641967773,22.26752471923828,22.360515594482425,5472331,A,False,2005-10-05
2005-10-06,22.446352005004883,22.460657119750977,22.017166137695312,22.224607467651367,5275493,A,False,2005-10-06
2005-10-07,22.474964141845703,22.80400657653809,22.3319034576416,22.75393486022949,4799614,A,False,2005-10-07
2005-10-10,22.74678039550781,22.854076385498047,22.39628028869629,22.42489242553711,3127326,A,False,2005-10-10
2005-10-11,22.446352005004883,22.625179290771484,22.13876914978028,22.19599342346192,4963459,A,False,2005-10-11
2005-10-13,21.88125991821289,21.88125991821289,21.50214576721192,21.87410545349121,8519831,,False,2005-10-13
2005-10-14,23.676681518554688,23.676681518554688,21.802574157714844,22.12446403503418,3457114,A,False,2005-10-14
2005-10-17,22.05293273925781,22.131616592407227,21.781116485595703,22.06008529663086,3112367,A,False,2005-10-17
2005-10-19,21.99570846557617,22.06008529663086,21.74535179138184,22.06008529663086,8297270,,False,2005-10-19
2005-10-24,22.317596435546875,22.60371971130371,22.14592361450196,22.2961368560791,9126843,,False,2005-10-24
2005-10-25,22.246065139770508,22.45350456237793,22.13876914978028,22.30328941345215,3410281,A,False,2005-10-25
2005-10-26,22.246065139770508,22.4892692565918,22.153076171875,22.167381286621094,2405119,A,False,2005-10-26
2005-10-28,22.03147315979004,22.131616592407227,21.437768936157227,22.131616592407227,5120036,,False,2005-10-28
2005-10-31,22.174535751342773,22.98998641967773,22.13876914978028,22.8969955444336,4258588,A,False,2005-10-31
2005-11-01,22.8969955444336,23.24034309387207,22.81831169128418,22.982833862304688,2686537,A,False,2005-11-01
2005-11-02,22.96137237548828,23.51215934753418,22.93276023864746,23.376251220703125,2457684,A,False,2005-11-02
2005-11-04,23.45493507385254,23.61945533752441,23.354793548583984,23.46208953857422,4944866,,False,2005-11-04
2005-11-07,23.319026947021484,23.569385528564453,23.24034309387207,23.53361892700196,2348500,A,False,2005-11-07
2005-11-08,23.404863357543945,23.676681518554688,23.404863357543945,23.583690643310547,6345662,A,False,2005-11-08
2005-11-10,23.53361892700196,23.733905792236328,23.51931381225586,23.63376235961914,8396807,,False,2005-11-10
2005-11-11,23.44062805175781,23.626609802246094,23.39055824279785,23.555078506469727,3149414,A,False,2005-11-11
2005-11-14,23.46208953857422,23.812589645385746,23.44778251647949,23.53361892700196,4946264,A,False,2005-11-14
2005-11-15,24.89270401000977,25.0,24.620887756347656,24.678112030029297,21852138,A,False,2005-11-15
2005-11-17,24.49928474426269,24.74964141845703,24.434907913208008,24.74964141845703,14128188,,False,2005-11-17
2005-11-18,24.88555145263672,25.0,24.735336303710938,24.97138786315918,6885150,A,False,2005-11-18
2005-11-21,24.74964141845703,25.100143432617188,24.742488861083984,25.021459579467773,5693355,A,False,2005-11-21
2005-11-25,25.472103118896484,25.60801124572754,25.472103118896484,25.529327392578125,10392172,,False,2005-11-25
2005-11-28,25.46495056152344,25.500715255737305,25.33619499206543,25.500715255737305,4608507,A,False,2005-11-28
2005-11-29,25.46495056152344,25.61516571044922,25.34334754943848,25.386266708374023,4499743,A,False,2005-11-29
2005-11-30,25.321887969970703,25.59370422363281,25.321887969970703,25.50786781311035,3478504,A,False,2005-11-30
2005-12-01,25.50786781311035,25.822603225708008,25.46495056152344,25.736766815185547,5534822,A,False,2005-12-01
2005-12-02,25.60801124572754,25.63662338256836,25.164520263671875,25.386266708374023,8079042,A,False,2005-12-02
2005-12-05,25.39341926574707,25.60801124572754,24.94277572631836,25.035764694213867,7176633,A,False,2005-12-05
2005-12-06,25.035764694213867,25.15021514892578,24.921316146850582,24.99284744262696,9519681,A,False,2005-12-06
2005-12-07,25.035764694213867,25.035764694213867,24.599428176879883,24.66380500793457,8032628,A,False,2005-12-07
2005-12-08,24.713876724243164,24.828325271606445,24.427753448486328,24.735336303710938,7928058,A,False,2005-12-08
2005-12-09,24.8211727142334,25.293275833129883,24.78540802001953,25.22889709472656,12569837,A,False,2005-12-09
2005-12-12,25.20028686523437,25.64377784729004,25.20028686523437,25.500715255737305,12084452,A,False,2005-12-12
2005-12-14,25.48640823364257,25.75107383728028,25.472103118896484,25.472103118896484,37687423,,False,2005-12-14
2005-12-19,25.350500106811523,25.350500106811523,25.021459579467773,25.071531295776367,12978334,,False,2005-12-19
2005-12-20,25.035764694213867,25.071531295776367,24.678112030029297,24.90700912475586,4113056,A,False,2005-12-20
2005-12-21,25.02861213684082,25.30042839050293,24.92846870422364,24.93562126159668,5887537,A,False,2005-12-21
2005-12-23,24.92846870422364,25.121601104736328,24.89270401000977,24.964235305786133,5964567,,False,2005-12-23
2005-12-27,24.89270401000977,24.92846870422364,24.277538299560547,24.30615234375,2991021,A,False,2005-12-27
2005-12-28,24.463518142700195,24.49928474426269,24.03433418273925,24.248926162719727,3903496,A,False,2005-12-28
2005-12-29,24.320457458496094,24.33476448059082,23.934192657470703,23.94134521484375,3034219,A,False,2005-12-29
2006-01-03,23.805435180664062,23.934192657470703,23.476394653320312,23.934192657470703,8551706,,False,2006-01-03
2006-01-04,23.99856948852539,24.19885635375977,23.869813919067383,24.02718162536621,4195817,A,False,2006-01-04
2006-01-05,23.927038192749023,24.656652450561523,23.927038192749023,24.656652450561523,4835402,A,False,2006-01-05
2006-01-06,24.678112030029297,24.88555145263672,24.38483428955078,24.78540802001953,6146307,A,False,2006-01-06
2006-01-10,24.78540802001953,25.035764694213867,24.620887756347656,25.035764694213867,7093732,,False,2006-01-10
2006-01-11,25.035764694213867,25.09299087524414,24.74964141845703,25.02861213684082,2874987,A,False,2006-01-11
2006-01-12,24.856937408447266,24.92846870422364,24.4492130279541,24.47782516479492,5484354,A,False,2006-01-12
2006-01-13,24.413448333740234,24.49928474426269,24.02718162536621,24.29184532165528,4101592,A,False,2006-01-13
2006-01-17,24.08440589904785,24.14878463745117,23.81974220275879,24.14878463745117,3496678,A,False,2006-01-17
2006-01-18,24.134477615356445,24.735336303710938,23.898426055908203,24.64949989318848,3948791,A,False,2006-01-18
2006-01-19,24.678112030029297,25.21459197998047,24.67095947265625,25.035764694213867,4376159,A,False,2006-01-19
2006-01-26,24.59227561950684,24.59227561950684,24.09871292114257,24.399141311645508,14988518,,False,2006-01-26
2006-01-30,24.39198875427246,24.678112030029297,24.39198875427246,24.60658073425293,4659953,,False,2006-01-30
2006-02-01,24.49928474426269,24.54935646057129,24.163089752197266,24.54935646057129,8137338,,False,2006-02-01
2006-02-03,24.678112030029297,24.89270401000977,24.341917037963867,24.556509017944336,4170654,,False,2006-02-03
2006-02-06,24.513591766357425,25.02861213684082,24.413448333740234,24.84978485107422,2263082,A,False,2006-02-06
2006-02-08,24.713876724243164,24.742488861083984,23.977109909057617,24.70672416687012,5498334,,False,2006-02-08
2006-02-09,25.0,25.321887969970703,25.0,25.128755569458008,6363137,A,False,2006-02-09
2006-02-10,25.035764694213867,25.658082962036133,25.035764694213867,25.658082962036133,7803636,A,False,2006-02-10
2006-02-15,25.11444854736328,25.11444854736328,24.33476448059082,25.02861213684082,18787722,,False,2006-02-15
2006-02-16,24.95708274841309,25.1788272857666,24.8211727142334,24.878398895263672,3285719,A,False,2006-02-16
2006-02-17,24.74964141845703,25.13590812683105,24.69957160949707,25.02861213684082,4504915,A,False,2006-02-17
2006-02-21,24.985694885253903,25.293275833129883,24.978540420532227,25.13590812683105,4502119,A,False,2006-02-21
2006-02-22,25.13590812683105,25.350500106811523,25.11444854736328,25.350500106811523,3762298,A,False,2006-02-22
2006-02-24,25.57939910888672,25.965665817260746,25.57939910888672,25.69384765625,9967461,,False,2006-02-24
2006-03-02,25.89413452148437,26.2804012298584,25.89413452148437,25.97997093200684,13754223,,False,2006-03-02
2006-03-03,25.801143646240234,26.18025779724121,25.77968406677246,25.9084415435791,2123981,A,False,2006-03-03
2006-03-06,25.89413452148437,25.99427795410156,25.66523551940918,25.87982749938965,2164943,A,False,2006-03-06
2006-03-07,25.75822639465332,26.072961807250977,25.68669509887696,26.00143051147461,3846877,A,False,2006-03-07
2006-03-08,26.00143051147461,26.33762550354004,25.89413452148437,26.15164566040039,3577482,A,False,2006-03-08
2006-03-09,26.2804012298584,26.316165924072266,25.8726749420166,25.901287078857425,4092785,A,False,2006-03-09
2006-03-10,25.89413452148437,26.14449119567871,25.572246551513672,26.022890090942383,2974105,A,False,2006-03-10
2006-03-15,26.080114364624023,26.888412475585938,26.080114364624023,26.84549331665039,14451826,,False,2006-03-15
2006-03-16,26.802574157714844,27.174535751342773,26.802574157714844,26.99570846557617,5037274,A,False,2006-03-16
2006-03-17,27.00286102294922,27.281831741333008,26.90987014770508,27.12446403503418,7066051,A,False,2006-03-17
2006-03-20,27.08869743347168,27.110157012939453,26.73104476928711,26.981401443481445,2414905,A,False,2006-03-20
2006-03-21,26.895565032958984,26.981401443481445,26.466381072998047,26.552217483520508,3594817,A,False,2006-03-21
2006-03-23,26.523605346679688,26.59513664245605,26.230329513549805,26.59513664245605,7500410,,False,2006-03-23
2006-03-24,26.53791046142578,26.824033737182617,26.50214576721192,26.73104476928711,2495849,A,False,2006-03-24
2006-03-27,26.552217483520508,26.559371948242188,26.23748207092285,26.23748207092285,2823541,A,False,2006-03-27
2006-03-28,26.21602249145508,26.27324676513672,25.901287078857425,25.94420623779297,2805227,A,False,2006-03-28
2006-03-29,25.958511352539062,26.523605346679688,25.958511352539062,26.437768936157227,3813604,A,False,2006-03-29
2006-03-30,26.39484977722168,26.824033737182617,26.373390197753903,26.68097305297852,3540016,A,False,2006-03-30
2006-03-31,26.68097305297852,26.93132972717285,26.68097305297852,26.85980033874512,3822412,A,False,2006-03-31
2006-04-05,27.13876914978028,27.43919944763184,27.13876914978028,27.33905601501465,9196183,,False,2006-04-05
2006-04-06,27.28898429870605,27.57510757446289,27.253219604492188,27.539342880249023,3291731,A,False,2006-04-06
2006-04-07,27.45350456237793,27.539342880249023,26.93132972717285,27.08154487609864,3174718,A,False,2006-04-07
2006-04-10,27.010013580322266,27.18168830871582,26.21602249145508,26.409156799316406,3005281,A,False,2006-04-10
2006-04-11,26.53791046142578,26.645206451416016,26.072961807250977,26.44492149353028,2249242,A,False,2006-04-11
2006-04-12,26.39484977722168,26.53791046142578,25.93705368041992,25.987123489379883,1992010,A,False,2006-04-12
2006-04-13,25.858369827270508,26.27324676513672,25.829757690429688,26.230329513549805,1634821,A,False,2006-04-13
2006-04-17,26.223175048828125,26.494993209838867,26.108726501464844,26.36623764038086,2351855,A,False,2006-04-17
2006-04-18,26.523605346679688,27.3319034576416,26.430614471435547,27.174535751342773,5097248,A,False,2006-04-18
2006-04-19,27.12446403503418,27.682403564453125,27.1173095703125,27.61802673339844,4215949,A,False,2006-04-19
2006-04-20,27.6680965423584,28.218883514404297,27.63233184814453,27.87553596496582,4884752,A,False,2006-04-20
2006-04-21,27.93276023864746,27.99713897705078,27.582260131835938,27.768239974975582,3201280,A,False,2006-04-21
2006-04-24,27.66094398498535,27.69671058654785,27.33905601501465,27.48211669921875,2539187,A,False,2006-04-24
2006-04-25,27.4892692565918,27.8826904296875,27.467811584472656,27.80400657653809,3163394,A,False,2006-04-25
2006-04-26,27.861230850219727,27.8969955444336,27.539342880249023,27.75393486022949,2369610,A,False,2006-04-26
2006-04-27,27.711015701293945,28.283262252807617,27.66094398498535,27.8969955444336,4104248,A,False,2006-04-27
2006-04-28,27.825464248657227,27.868383407592773,27.45350456237793,27.48211669921875,2775030,A,False,2006-04-28
2006-05-01,27.57510757446289,27.8969955444336,27.467811584472656,27.718168258666992,2977740,A,False,2006-05-01
2006-05-02,27.718168258666992,27.96852684020996,27.69671058654785,27.918455123901367,2400925,A,False,2006-05-02
2006-05-03,27.861230850219727,27.91130256652832,27.589412689208984,27.846923828125,1912744,A,False,2006-05-03
2006-05-05,27.846923828125,28.09728240966797,27.78969955444336,28.004291534423828,4875106,,False,2006-05-05
2006-05-08,27.96852684020996,28.218883514404297,27.868383407592773,27.8969955444336,3057845,A,False,2006-05-08
2006-05-09,27.99713897705078,27.99713897705078,27.61087226867676,27.811159133911133,2259867,A,False,2006-05-09
2006-05-10,27.682403564453125,27.889842987060547,27.51788330078125,27.66094398498535,2768599,A,False,2006-05-10
2006-05-11,27.467811584472656,27.718168258666992,27.30328941345215,27.66094398498535,3574546,A,False,2006-05-11
2006-05-15,27.274677276611328,27.274677276611328,26.59513664245605,27.160228729248047,9517724,,False,2006-05-15
2006-05-16,25.92989921569824,26.17310333251953,24.81402015686035,24.92846870422364,13497131,A,False,2006-05-16
2006-05-17,24.89270401000977,25.1788272857666,24.742488861083984,24.88555145263672,6133585,A,False,2006-05-17
2006-05-18,25.014305114746094,25.42918586730957,24.871244430541992,24.921316146850582,4384827,A,False,2006-05-18
2006-05-19,25.0,25.128755569458008,24.713876724243164,25.021459579467773,5709152,A,False,2006-05-19
2006-05-22,24.985694885253903,25.014305114746094,24.427753448486328,24.63519287109375,4911034,A,False,2006-05-22
2006-05-23,24.69957160949707,25.121601104736328,24.60658073425293,24.67095947265625,3992129,A,False,2006-05-23
2006-05-24,24.599428176879883,25.0500717163086,23.962804794311523,24.406295776367188,4552587,A,False,2006-05-24
2006-05-25,24.60658073425293,24.6423454284668,23.9484977722168,24.256080627441406,5302055,A,False,2006-05-25
2006-05-30,24.427753448486328,24.89270401000977,24.33476448059082,24.37768173217773,6755136,,False,2006-05-30
2006-05-31,24.370529174804688,25.0,24.370529174804688,24.95708274841309,5449684,A,False,2006-05-31
2006-06-01,24.8211727142334,25.14306259155273,24.75679588317871,25.05722427368164,4336876,A,False,2006-06-01
2006-06-02,25.100143432617188,25.472103118896484,24.949928283691406,25.407724380493164,3670729,A,False,2006-06-02
2006-06-05,25.25035858154297,25.30042839050293,24.54220390319824,24.563661575317383,4340371,A,False,2006-06-05
2006-06-06,24.742488861083984,24.75679588317871,24.09871292114257,24.34906959533692,4452211,A,False,2006-06-06
2006-06-07,24.35622215270996,24.628040313720703,24.03433418273925,24.248926162719727,3134176,A,False,2006-06-07
2006-06-08,24.105865478515625,24.12017250061035,23.46208953857422,23.96995735168457,4266696,A,False,2006-06-08
2006-06-09,23.96995735168457,24.35622215270996,23.79113006591797,24.1273250579834,3288935,A,False,2006-06-09
2006-06-12,24.105865478515625,24.20600891113281,23.018598556518555,23.319026947021484,7134553,A,False,2006-06-12
2006-06-14,22.854076385498047,22.854076385498047,22.38912773132324,22.832618713378903,16666117,,False,2006-06-14
2006-06-15,22.918455123901367,23.962804794311523,22.90414810180664,23.87696647644043,5643866,A,False,2006-06-15
2006-06-19,23.76251792907715,23.991416931152344,23.648069381713867,23.648069381713867,6308475,,False,2006-06-19
2006-06-20,23.140199661254883,23.36194610595703,22.93991470336914,23.018598556518555,2086375,A,False,2006-06-20
2006-06-21,23.011444091796875,23.51931381225586,23.011444091796875,23.36194610595703,1933714,A,False,2006-06-21
2006-06-22,23.290414810180664,23.404863357543945,22.96137237548828,23.08297538757324,1848436,A,False,2006-06-22
2006-06-28,22.04578018188477,22.04578018188477,21.34477806091309,21.85980033874512,20991949,,False,2006-06-28
2006-06-29,21.93848419189453,22.560800552368164,21.81688117980957,22.539342880249023,3764395,A,False,2006-06-29
2006-06-30,22.57510757446289,22.96852684020996,22.560800552368164,22.57510757446289,5431789,A,False,2006-06-30
2006-07-03,22.7038631439209,22.889842987060547,22.51788330078125,22.78969955444336,1393387,A,False,2006-07-03
2006-07-05,22.653791427612305,22.711015701293945,22.21030044555664,22.410587310791016,3467040,A,False,2006-07-05
2006-07-06,22.403432846069336,22.796852111816406,22.39628028869629,22.63233184814453,2054221,A,False,2006-07-06
2006-07-07,22.532188415527344,22.532188415527344,21.988555908203125,22.188840866088867,2374783,A,False,2006-07-07
2006-07-10,22.30328941345215,22.460657119750977,21.838340759277344,21.99570846557617,2189967,A,False,2006-07-10
2006-07-11,21.924177169799805,21.924177169799805,21.008583068847656,21.58798217773437,7294205,A,False,2006-07-11
2006-07-14,20.59370422363281,20.59370422363281,19.94277572631836,20.52217483520508,18706078,,False,2006-07-14
2006-07-19,20.49356269836425,21.1015739440918,20.407724380493164,21.03004264831543,10233360,,False,2006-07-19
2006-07-20,21.1015739440918,21.430614471435547,20.54363441467285,20.57939910888672,3421046,A,False,2006-07-20
2006-07-21,20.672388076782227,20.679542541503903,19.656652450561523,19.92846870422364,4913271,A,False,2006-07-21
2006-07-24,19.949928283691406,20.92989921569824,19.949928283691406,20.77253150939941,4984150,A,False,2006-07-24
2006-07-25,20.77253150939941,21.330472946166992,20.658082962036133,20.858369827270508,3711131,A,False,2006-07-25
2006-07-26,20.801143646240234,20.822603225708008,19.88555145263672,19.89270401000977,7971536,A,False,2006-07-26
2006-07-27,20.02861213684082,20.157367706298828,19.66380500793457,19.69241714477539,4963459,A,False,2006-07-27
2006-07-28,19.76394844055176,20.15021514892578,19.64949989318848,19.97138786315918,4428864,A,False,2006-07-28
2006-08-01,19.88555145263672,20.414878845214844,19.84978485107422,20.06437873840332,6117927,,False,2006-08-01
2006-08-02,20.02861213684082,20.436338424682617,19.88555145263672,20.121601104736328,3397140,A,False,2006-08-02
2006-08-03,19.921316146850582,20.27181625366211,19.84263229370117,20.171674728393555,2223379,A,False,2006-08-03
2006-08-04,20.46495056152344,20.7439193725586,19.84978485107422,20.06437873840332,2121325,A,False,2006-08-04
2006-08-07,19.985694885253903,20.02861213684082,19.678112030029297,19.84978485107422,2060093,A,False,2006-08-07
2006-08-08,19.84978485107422,19.89270401000977,19.284692764282227,19.370529174804688,2914131,A,False,2006-08-08
2006-08-09,19.620887756347656,20.21459197998047,19.42060089111328,19.513591766357425,2311453,A,False,2006-08-09
2006-08-11,19.4492130279541,19.799713134765625,19.370529174804688,19.45636558532715,5628767,,False,2006-08-11
2006-08-14,19.628040313720703,20.65093040466309,19.613733291625977,20.36480712890625,5375869,A,False,2006-08-14
2006-08-15,22.09585189819336,22.78254508972168,21.959943771362305,22.260372161865234,8751200,A,False,2006-08-15
2006-08-16,22.7038631439209,23.09012985229492,22.06008529663086,22.8969955444336,5767309,A,False,2006-08-16
2006-08-17,22.889842987060547,23.12589454650879,22.68955612182617,23.09012985229492,3098108,A,False,2006-08-17
2006-08-18,23.08297538757324,23.08297538757324,22.474964141845703,22.74678039550781,4099495,A,False,2006-08-18
2006-08-21,22.675249099731445,22.682403564453125,22.317596435546875,22.403432846069336,1948113,A,False,2006-08-21
2006-08-22,22.30328941345215,22.51788330078125,22.06723976135254,22.09585189819336,3217357,A,False,2006-08-22
2006-08-23,22.03147315979004,22.28898429870605,21.831186294555664,21.84549331665039,1795451,A,False,2006-08-23
2006-08-24,21.959943771362305,22.174535751342773,21.81688117980957,21.866952896118164,2402882,A,False,2006-08-24
2006-08-25,21.7954216003418,21.93848419189453,21.709585189819336,21.7954216003418,2741618,A,False,2006-08-25
2006-08-28,21.773963928222656,22.14592361450196,21.75965690612793,22.03147315979004,2176966,A,False,2006-08-28
2006-08-29,22.08869743347168,22.49642372131348,22.074392318725582,22.43204689025879,3132079,A,False,2006-08-29
2006-08-30,22.57510757446289,22.96137237548828,22.54649543762207,22.889842987060547,3505345,A,False,2006-08-30
2006-09-01,23.018598556518555,23.06867027282715,22.625179290771484,22.625179290771484,5656308,,False,2006-09-01
2006-09-05,22.417739868164062,22.63948440551757,22.08154487609864,22.582260131835938,2906861,A,False,2006-09-05
2006-09-06,22.42489242553711,22.43204689025879,21.924177169799805,21.952789306640625,3316755,A,False,2006-09-06
2006-09-08,21.85264778137207,22.06723976135254,21.68097305297852,21.94563674926757,4975901,,False,2006-09-08
2006-09-11,21.85264778137207,22.446352005004883,21.85264778137207,22.23891258239746,6983849,A,False,2006-09-11
2006-09-12,22.23176002502441,22.63948440551757,22.18168830871582,22.532188415527344,4209098,A,False,2006-09-12
2006-09-13,22.60371971130371,22.66094398498535,22.317596435546875,22.42489242553711,2713658,A,False,2006-09-13
2006-09-14,22.246065139770508,22.34620857238769,21.99570846557617,22.174535751342773,3120616,A,False,2006-09-14
2006-09-15,22.188840866088867,22.21030044555664,21.81688117980957,22.1173095703125,6559556,A,False,2006-09-15
2006-09-18,22.12446403503418,22.39628028869629,22.024320602416992,22.30328941345215,3412378,A,False,2006-09-18
2006-09-19,22.317596435546875,22.510730743408203,22.06008529663086,22.49642372131348,3791935,A,False,2006-09-19
2006-09-20,22.768239974975582,23.383405685424805,22.73962783813477,23.319026947021484,4959824,A,False,2006-09-20
2006-09-21,23.5765380859375,23.89127349853516,23.48354721069336,23.66237449645996,5134994,A,False,2006-09-21
2006-09-22,23.569385528564453,23.5908432006836,23.0257511138916,23.233190536499023,3529810,A,False,2006-09-22
2006-09-25,23.26895523071289,23.72675323486328,23.09012985229492,23.526466369628903,2681644,A,False,2006-09-25
2006-09-26,23.476394653320312,23.78397750854492,23.26895523071289,23.562231063842773,3220712,A,False,2006-09-26
2006-09-27,23.569385528564453,23.64091682434082,22.975679397583008,23.08297538757324,5656308,A,False,2006-09-27
2006-09-28,23.018598556518555,23.612302780151367,22.93276023864746,23.5908432006836,5407045,A,False,2006-09-28
2006-09-29,23.60515022277832,23.72675323486328,23.347639083862305,23.383405685424805,2035208,A,False,2006-09-29
2006-10-02,23.24749565124512,23.44778251647949,22.975679397583008,23.11874008178711,3959136,A,False,2006-10-02
2006-10-03,22.93991470336914,23.30472183227539,22.92560768127441,23.06151580810547,3219734,A,False,2006-10-03
2006-10-06,23.24749565124512,23.89127349853516,23.24749565124512,23.812589645385746,8851018,,False,2006-10-06
2006-10-09,23.64091682434082,24.020029067993164,23.44062805175781,23.90557861328125,3899022,A,False,2006-10-09
2006-10-12,23.85550880432129,24.12017250061035,23.76251792907715,24.020029067993164,8821380,,False,2006-10-12
2006-10-16,24.463518142700195,24.77110290527344,24.463518142700195,24.54935646057129,6778762,,False,2006-10-16
2006-10-17,24.248926162719727,24.74964141845703,24.248926162719727,24.60658073425293,7013486,A,False,2006-10-17
2006-10-23,24.78540802001953,25.33619499206543,24.78540802001953,24.88555145263672,13764288,,False,2006-10-23
2006-10-24,24.856937408447266,25.0,24.735336303710938,24.985694885253903,2522971,A,False,2006-10-24
2006-10-25,24.964235305786133,25.071531295776367,24.81402015686035,25.05722427368164,2243790,A,False,2006-10-25
2006-10-26,25.121601104736328,25.379112243652344,24.964235305786133,25.33619499206543,1299441,A,False,2006-10-26
2006-10-27,25.33619499206543,25.357654571533203,24.89270401000977,24.949928283691406,3304872,A,False,2006-10-27
2006-10-30,24.89270401000977,25.09299087524414,24.78540802001953,24.964235305786133,1594978,A,False,2006-10-30
2006-10-31,25.035764694213867,25.61516571044922,25.014305114746094,25.46495056152344,3892591,A,False,2006-10-31
2006-11-01,24.248926162719727,24.713876724243164,23.99856948852539,24.38483428955078,4555942,A,False,2006-11-01
2006-11-02,24.29899978637696,24.30615234375,23.74821281433105,23.898426055908203,2871632,A,False,2006-11-02
2006-11-06,23.984262466430664,24.113019943237305,23.53361892700196,24.113019943237305,8972643,,False,2006-11-06
2006-11-07,24.327611923217773,24.506437301635746,24.05579376220703,24.05579376220703,2615798,A,False,2006-11-07
2006-11-08,23.87696647644043,24.23462104797364,23.81974220275879,24.08440589904785,2743016,A,False,2006-11-08
2006-11-09,24.19885635375977,24.49213218688965,24.18454933166504,24.37768173217773,4703152,A,False,2006-11-09
2006-11-10,24.37768173217773,24.613733291625977,24.341917037963867,24.563661575317383,2835004,A,False,2006-11-10
2006-11-13,24.53504943847656,25.14306259155273,24.49928474426269,25.035764694213867,5801281,A,False,2006-11-13
2006-11-15,23.53361892700196,23.912731170654297,23.06867027282715,23.705293655395508,21747009,,False,2006-11-15
2006-11-17,23.81974220275879,24.284692764282227,23.81974220275879,24.14163017272949,8061427,,False,2006-11-17
2006-11-20,23.99856948852539,24.30615234375,23.934192657470703,24.134477615356445,3130262,A,False,2006-11-20
2006-11-21,24.134477615356445,24.134477615356445,23.927038192749023,24.05579376220703,4763126,A,False,2006-11-21
2006-11-24,23.99856948852539,24.03433418273925,23.74821281433105,24.00572204589844,7322864,,False,2006-11-24
2006-11-27,23.927038192749023,23.934192657470703,23.21173095703125,23.32617950439453,3723573,A,False,2006-11-27
2006-11-28,23.319026947021484,23.526466369628903,23.104434967041016,23.319026947021484,5114863,A,False,2006-11-28
2006-11-30,22.99713897705078,22.99713897705078,22.682403564453125,22.77539253234864,14646566,,False,2006-11-30
2006-12-01,22.868383407592773,22.93991470336914,22.66094398498535,22.868383407592773,3398957,A,False,2006-12-01
2006-12-04,22.889842987060547,23.42632293701172,22.889842987060547,23.33333206176757,4452770,A,False,2006-12-04
2006-12-07,23.712446212768555,24.19885635375977,23.712446212768555,23.76251792907715,11675538,,False,2006-12-07
2006-12-08,23.74821281433105,24.09871292114257,23.63376235961914,23.912731170654297,1995645,A,False,2006-12-08
2006-12-18,24.263233184814453,24.620887756347656,24.263233184814453,24.37768173217773,20501111,,False,2006-12-18
2006-12-19,24.105865478515625,24.53504943847656,24.077253341674805,24.406295776367188,1963631,A,False,2006-12-19
2006-12-20,24.427753448486328,25.0,24.34906959533692,24.35622215270996,5934510,A,False,2006-12-20
2006-12-22,24.29899978637696,24.599428176879883,24.077253341674805,24.12017250061035,5325821,,False,2006-12-22
2006-12-26,24.105865478515625,24.54935646057129,24.07010078430176,24.463518142700195,1315658,A,False,2006-12-26
2006-12-27,24.599428176879883,24.89270401000977,24.556509017944336,24.8211727142334,2027659,A,False,2006-12-27
2006-12-28,24.69241714477539,25.414878845214844,24.69241714477539,25.293275833129883,5178332,A,False,2006-12-28
2006-12-29,25.21459197998047,25.529327392578125,24.878398895263672,24.92846870422364,2443285,A,False,2006-12-29
2007-01-03,25.02861213684082,25.379112243652344,24.35622215270996,24.53504943847656,3599291,A,False,2007-01-03
2007-01-08,24.37768173217773,24.37768173217773,23.934192657470703,24.29899978637696,8817886,,False,2007-01-08
2007-01-09,24.37768173217773,24.54935646057129,24.05579376220703,24.327611923217773,1937908,A,False,2007-01-09
2007-01-12,24.34906959533692,24.34906959533692,23.85550880432129,24.03433418273925,7900936,,False,2007-01-12
2007-01-16,23.96995735168457,24.2703857421875,23.84835433959961,23.991416931152344,4328907,A,False,2007-01-16
2007-01-17,23.912731170654297,23.9484977722168,23.43347549438477,23.51215934753418,3723014,A,False,2007-01-17
2007-01-18,23.42632293701172,23.45493507385254,22.81831169128418,23.06867027282715,5071525,A,False,2007-01-18
2007-01-22,23.24034309387207,23.562231063842773,23.24034309387207,23.29756736755371,8213110,,False,2007-01-22
2007-01-23,23.168813705444336,23.54792594909668,23.111587524414062,23.3977108001709,3739650,A,False,2007-01-23
2007-01-24,23.3977108001709,23.60515022277832,23.218883514404297,23.32617950439453,3982063,A,False,2007-01-24
2007-01-25,23.31187438964844,23.51215934753418,22.8969955444336,22.93276023864746,2600560,A,False,2007-01-25
2007-01-26,22.889842987060547,23.24749565124512,22.8826904296875,23.15450668334961,2507593,A,False,2007-01-26
2007-01-29,23.075822830200195,23.218883514404297,22.832618713378903,22.8826904296875,2829272,A,False,2007-01-29
2007-01-30,22.8826904296875,22.947067260742188,22.796852111816406,22.889842987060547,2007808,A,False,2007-01-30
2007-01-31,22.889842987060547,22.96137237548828,22.81831169128418,22.889842987060547,3173460,A,False,2007-01-31
2007-02-01,23.011444091796875,23.24749565124512,22.889842987060547,23.0257511138916,3644446,A,False,2007-02-01
2007-02-02,23.08297538757324,23.09012985229492,22.503576278686523,22.61087226867676,7517605,A,False,2007-02-02
2007-02-05,22.63233184814453,22.80400657653809,22.34620857238769,22.768239974975582,3511916,A,False,2007-02-05
2007-02-06,22.975679397583008,23.011444091796875,22.711015701293945,22.889842987060547,3516110,A,False,2007-02-06
2007-02-07,22.92560768127441,23.39055824279785,22.92560768127441,23.29756736755371,4781440,A,False,2007-02-07
2007-02-08,23.21173095703125,23.44062805175781,23.09012985229492,23.36909866333008,3546446,A,False,2007-02-08
2007-02-09,23.36194610595703,23.5908432006836,23.27610969543457,23.36194610595703,3297602,A,False,2007-02-09
2007-02-12,23.33333206176757,23.43347549438477,23.261802673339844,23.31187438964844,2040521,A,False,2007-02-12
2007-02-13,23.36194610595703,23.66237449645996,23.26895523071289,23.5908432006836,3407765,A,False,2007-02-13
2007-02-14,23.49785423278809,23.89127349853516,23.49785423278809,23.562231063842773,4033230,A,False,2007-02-14
2007-02-15,23.59799766540528,24.427753448486328,23.5765380859375,24.19885635375977,5713486,A,False,2007-02-15
2007-02-16,24.12017250061035,24.134477615356445,23.283262252807617,23.44062805175781,7886118,A,False,2007-02-16
2007-02-20,23.233190536499023,23.39055824279785,23.011444091796875,23.24034309387207,5680214,A,False,2007-02-20
2007-02-21,23.12589454650879,23.5908432006836,23.104434967041016,23.42632293701172,5606679,A,False,2007-02-21
2007-02-22,23.469242095947266,23.712446212768555,23.469242095947266,23.60515022277832,4689451,A,False,2007-02-22
2007-02-26,23.79113006591797,23.898426055908203,23.612302780151367,23.805435180664062,8564707,,False,2007-02-26
2007-02-27,23.53361892700196,23.64091682434082,22.63948440551757,22.96852684020996,6038381,A,False,2007-02-27
2007-02-28,22.96852684020996,23.06867027282715,22.61087226867676,22.711015701293945,4254114,A,False,2007-02-28
2007-03-01,22.281831741333008,22.64663887023925,22.03862762451172,22.4892692565918,4067201,A,False,2007-03-01
2007-03-02,22.42489242553711,22.55364799499512,21.952789306640625,21.9742488861084,3432789,A,False,2007-03-02
2007-03-07,21.74535179138184,22.167381286621094,21.645206451416016,22.017166137695312,10745587,,False,2007-03-07
2007-03-08,22.174535751342773,22.87553596496582,22.174535751342773,22.7038631439209,6290581,A,False,2007-03-08
2007-03-09,22.73247528076172,22.889842987060547,22.503576278686523,22.718168258666992,5203216,A,False,2007-03-09
2007-03-12,22.675249099731445,22.98998641967773,22.653791427612305,22.98998641967773,3820594,A,False,2007-03-12
2007-03-14,22.77539253234864,22.90414810180664,22.539342880249023,22.889842987060547,8409109,,False,2007-03-14
2007-03-16,22.811159133911133,22.832618713378903,22.49642372131348,22.711015701293945,6011679,,False,2007-03-16
2007-03-19,22.87553596496582,23.018598556518555,22.73247528076172,22.78254508972168,1962093,A,False,2007-03-19
2007-03-21,22.81831169128418,23.19027137756348,22.80400657653809,22.954219818115234,6798054,,False,2007-03-21
2007-03-22,23.104434967041016,23.45493507385254,22.889842987060547,23.31187438964844,4801990,A,False,2007-03-22
2007-03-23,23.226036071777344,24.09871292114257,23.226036071777344,23.76251792907715,4695183,A,False,2007-03-23
2007-03-26,23.61945533752441,23.84835433959961,23.19027137756348,23.84835433959961,4143672,A,False,2007-03-26
2007-03-28,23.81974220275879,24.18454933166504,23.72675323486328,23.9484977722168,7756104,,False,2007-03-28
2007-04-02,24.14878463745117,24.320457458496094,23.977109909057617,24.29184532165528,11725305,,False,2007-04-02
2007-04-03,24.36337661743164,24.806867599487305,24.320457458496094,24.713876724243164,4456125,A,False,2007-04-03
2007-04-04,24.799713134765625,24.91416358947754,24.72818374633789,24.89985656738281,3376729,A,False,2007-04-04
2007-04-05,24.89270401000977,25.0,24.81402015686035,24.828325271606445,3725530,A,False,2007-04-05
2007-04-10,24.90700912475586,25.1788272857666,24.864091873168945,24.97138786315918,6357824,,False,2007-04-10
2007-04-13,24.94277572631836,25.0,24.49213218688965,24.656652450561523,10975139,,False,2007-04-13
2007-04-16,24.678112030029297,25.04291725158692,24.620887756347656,25.021459579467773,2795581,A,False,2007-04-16
2007-04-20,25.171674728393555,25.60801124572754,25.171674728393555,25.379112243652344,17102713,,False,2007-04-20
2007-04-23,25.27897071838379,25.46495056152344,24.66380500793457,25.321887969970703,3096850,A,False,2007-04-23
2007-04-24,25.39341926574707,25.48640823364257,25.1788272857666,25.27897071838379,2730294,A,False,2007-04-24
2007-04-25,25.30758285522461,25.379112243652344,25.157367706298828,25.157367706298828,5173439,A,False,2007-04-25
2007-04-26,25.24320411682129,25.314735412597656,25.0500717163086,25.08583641052246,6102689,A,False,2007-04-26
2007-04-27,24.92846870422364,25.06437873840332,24.75679588317871,24.828325271606445,4155555,A,False,2007-04-27
2007-04-30,24.871244430541992,24.92846870422364,24.57081413269043,24.58512115478516,4092226,A,False,2007-04-30
2007-05-01,24.66380500793457,25.7439193725586,24.60658073425293,25.7439193725586,6170632,A,False,2007-05-01
2007-05-02,25.672388076782227,26.15164566040039,25.60801124572754,26.022890090942383,4481848,A,False,2007-05-02
2007-05-03,25.99427795410156,26.15879821777344,25.89413452148437,26.072961807250977,3612013,A,False,2007-05-03
2007-05-04,26.072961807250977,26.473533630371094,25.97281837463379,26.466381072998047,4257609,A,False,2007-05-04
2007-05-07,26.430614471435547,26.72389030456543,26.36623764038086,26.63090133666992,3363868,A,False,2007-05-07
2007-05-08,26.50214576721192,26.766809463500977,26.45207405090332,26.709585189819336,3203936,A,False,2007-05-08
2007-05-09,26.53075790405273,26.824033737182617,26.473533630371094,26.781116485595703,2682343,A,False,2007-05-09
2007-05-10,26.466381072998047,26.58798217773437,25.736766815185547,25.75822639465332,4749006,A,False,2007-05-10
2007-05-11,25.69384765625,25.97997093200684,25.379112243652344,25.901287078857425,5716142,A,False,2007-05-11
2007-05-14,26.080114364624023,26.2804012298584,25.54363441467285,25.68669509887696,5061878,A,False,2007-05-14
2007-05-18,26.85980033874512,27.51788330078125,26.85980033874512,27.18168830871582,22794251,,False,2007-05-18
2007-05-21,26.895565032958984,27.539342880249023,26.895565032958984,27.410587310791016,4919702,A,False,2007-05-21
2007-05-22,27.43204689025879,27.718168258666992,27.3319034576416,27.56795310974121,5547823,A,False,2007-05-22
2007-05-23,27.768239974975582,27.87553596496582,27.532188415527344,27.596567153930664,3648081,A,False,2007-05-23
2007-05-24,27.08154487609864,27.78969955444336,26.888412475585938,26.952789306640625,4379095,A,False,2007-05-24
2007-05-25,26.9742488861084,27.56795310974121,26.824033737182617,27.446352005004883,4180859,A,False,2007-05-25
2007-05-29,27.539342880249023,27.589412689208984,27.253219604492188,27.410587310791016,2971729,A,False,2007-05-29
2007-06-01,27.253219604492188,27.417739868164062,27.074392318725582,27.38197326660156,8456082,,False,2007-06-01
2007-06-05,27.317596435546875,27.63233184814453,27.317596435546875,27.51788330078125,4974224,,False,2007-06-05
2007-06-06,27.310443878173828,27.539342880249023,27.28898429870605,27.446352005004883,2975224,A,False,2007-06-06
2007-06-07,27.26752471923828,27.446352005004883,26.65236091613769,26.65236091613769,3567416,A,False,2007-06-07
2007-06-08,26.68097305297852,26.85980033874512,26.4234619140625,26.84549331665039,3713647,A,False,2007-06-08
2007-06-11,26.73819732666016,27.12446403503418,26.57367706298828,26.9742488861084,2103571,A,False,2007-06-11
2007-06-12,26.781116485595703,27.06008529663086,26.53791046142578,26.802574157714844,3016884,A,False,2007-06-12
2007-06-13,27.05293273925781,27.51788330078125,26.981401443481445,27.51788330078125,2802291,A,False,2007-06-13
2007-06-14,27.446352005004883,27.8826904296875,27.43919944763184,27.78969955444336,2209958,A,False,2007-06-14
2007-06-15,27.8826904296875,27.8969955444336,27.467811584472656,27.69671058654785,3917196,A,False,2007-06-15
2007-06-18,27.75393486022949,28.06151580810547,27.7038631439209,27.825464248657227,2892462,A,False,2007-06-18
2007-06-19,27.76108741760254,28.21173095703125,27.75393486022949,28.11874008178711,2306420,A,False,2007-06-19
2007-06-20,28.11874008178711,28.18311882019043,27.625179290771484,27.711015701293945,2708206,A,False,2007-06-20
2007-06-21,27.711015701293945,28.018598556518555,27.42489242553711,27.99713897705078,2449436,A,False,2007-06-21
2007-06-25,27.83977127075196,27.8969955444336,27.2031478881836,27.525035858154297,7005797,,False,2007-06-25
2007-06-26,27.60371971130371,27.675249099731445,27.188840866088867,27.467811584472656,2308098,A,False,2007-06-26
2007-06-27,27.310443878173828,27.582260131835938,27.13876914978028,27.532188415527344,2300549,A,False,2007-06-27
2007-06-28,27.539342880249023,27.78254508972168,27.21745491027832,27.525035858154297,2670040,A,False,2007-06-28
2007-06-29,27.66094398498535,27.8826904296875,27.281831741333008,27.49642372131348,2614260,A,False,2007-06-29
2007-07-02,27.682403564453125,28.09728240966797,27.503576278686523,28.04005622863769,2540306,A,False,2007-07-02
2007-07-03,28.04005622863769,28.45493507385254,27.90414810180664,28.383405685424805,2221841,A,False,2007-07-03
2007-07-05,28.526466369628903,28.526466369628903,27.98998641967773,28.30472183227539,3547705,A,False,2007-07-05
2007-07-06,28.24749565124512,28.54077339172364,28.13304710388184,28.48354721069336,2935520,A,False,2007-07-06
2007-07-09,28.32617950439453,28.59799766540528,28.32617950439453,28.526466369628903,2467889,A,False,2007-07-09
2007-07-11,28.51931381225586,28.54077339172364,28.254648208618164,28.53361892700196,5600388,,False,2007-07-11
2007-07-13,28.54077339172364,28.898426055908203,28.54077339172364,28.583690643310547,7564299,,False,2007-07-13
2007-07-16,28.419170379638672,28.612302780151367,28.404863357543945,28.49785423278809,1977471,A,False,2007-07-16
2007-07-17,28.283262252807617,28.54077339172364,28.226036071777344,28.469242095947266,3799904,A,False,2007-07-17
2007-07-18,28.175966262817383,28.42632293701172,28.018598556518555,28.34048652648925,2861846,A,False,2007-07-18
2007-07-19,28.46208953857422,28.648069381713867,28.33333206176757,28.526466369628903,2842833,A,False,2007-07-19
2007-07-20,28.526466369628903,28.526466369628903,28.161659240722656,28.168813705444336,3164932,A,False,2007-07-20
2007-07-24,28.612302780151367,28.912731170654297,28.168813705444336,28.168813705444336,6393613,,False,2007-07-24
2007-07-25,28.469242095947266,28.469242095947266,27.718168258666992,28.004291534423828,3018142,A,False,2007-07-25
2007-07-26,28.18311882019043,28.18311882019043,27.103004455566406,27.49642372131348,5172181,A,False,2007-07-26
2007-07-27,27.360515594482425,27.60371971130371,26.924177169799805,26.924177169799805,4499743,A,False,2007-07-27
2007-07-30,26.802574157714844,27.274677276611328,26.65236091613769,27.246065139770508,3879730,A,False,2007-07-30
2007-08-01,27.360515594482425,27.74678039550781,27.110157012939453,27.2961368560791,11998894,,False,2007-08-01
2007-08-02,27.8826904296875,27.8969955444336,27.21030044555664,27.625179290771484,3915239,A,False,2007-08-02
2007-08-03,27.682403564453125,27.80400657653809,27.167381286621094,27.167381286621094,5330993,A,False,2007-08-03
2007-08-06,27.36766815185547,27.403432846069336,26.88125991821289,27.403432846069336,3780332,A,False,2007-08-06
2007-08-09,27.131616592407227,28.161659240722656,27.131616592407227,27.131616592407227,15992701,,False,2007-08-09
2007-08-10,26.18025779724121,26.18025779724121,25.23605155944824,25.572246551513672,4841973,A,False,2007-08-10
2007-08-14,25.75107383728028,26.53791046142578,25.75107383728028,25.987123489379883,8658233,,False,2007-08-14
2007-08-16,22.4892692565918,23.5908432006836,22.281831741333008,23.44778251647949,20545148,,False,2007-08-16
2007-08-23,24.42060089111328,25.035764694213867,24.42060089111328,24.778255462646484,21427566,,False,2007-08-23
2007-08-24,24.81402015686035,25.22174453735352,24.69241714477539,25.1788272857666,2320960,A,False,2007-08-24
2007-08-27,25.121601104736328,25.27897071838379,24.94277572631836,25.13590812683105,2493193,A,False,2007-08-27
2007-08-28,25.0,25.19313240051269,24.74964141845703,24.799713134765625,4307657,A,False,2007-08-28
2007-08-29,25.021459579467773,25.47925567626953,24.985694885253903,25.47925567626953,2640682,A,False,2007-08-29
2007-08-30,25.379112243652344,25.858369827270508,25.19313240051269,25.629470825195312,2500882,A,False,2007-08-30
2007-09-04,25.965665817260746,26.23748207092285,25.801143646240234,26.080114364624023,5382300,,False,2007-09-04
2007-09-06,25.829757690429688,25.89413452148437,25.63662338256836,25.89413452148437,5042446,,False,2007-09-06
2007-09-14,25.9084415435791,26.17310333251953,25.9084415435791,25.9084415435791,15598045,,False,2007-09-14
2007-09-17,25.736766815185547,25.92989921569824,25.58655166625977,25.77253150939941,1395763,A,False,2007-09-17
2007-09-18,25.851215362548828,26.752504348754883,25.851215362548828,26.60944175720215,2753081,A,False,2007-09-18
2007-09-19,26.645206451416016,26.84549331665039,26.50214576721192,26.65236091613769,3213862,A,False,2007-09-19
2007-09-21,26.54506492614746,26.65236091613769,26.18741035461425,26.402002334594727,6600238,,False,2007-09-21
2007-09-25,26.30186080932617,26.437768936157227,26.00143051147461,26.30186080932617,4548952,,False,2007-09-25
2007-09-26,26.57367706298828,26.57367706298828,26.287553787231445,26.416309356689453,2745392,A,False,2007-09-26
2007-09-27,26.466381072998047,26.616594314575195,26.30186080932617,26.45207405090332,2657878,A,False,2007-09-27
2007-09-28,26.39484977722168,26.580829620361328,26.194564819335938,26.380544662475582,3169406,A,False,2007-09-28
2007-10-02,26.44492149353028,26.824033737182617,26.39484977722168,26.466381072998047,7997819,,False,2007-10-02
2007-10-03,26.4234619140625,26.50214576721192,26.05865478515625,26.34477806091309,1886741,A,False,2007-10-03
2007-10-04,26.373390197753903,26.70243263244629,26.36623764038086,26.60944175720215,2786074,A,False,2007-10-04
2007-10-05,26.752504348754883,27.131616592407227,26.716737747192383,27.03147315979004,2162706,A,False,2007-10-05
2007-10-08,26.988555908203125,27.174535751342773,26.91702461242676,27.103004455566406,1396602,A,False,2007-10-08
2007-10-11,27.1173095703125,27.353361129760746,27.08869743347168,27.08869743347168,5936328,,False,2007-10-11
2007-10-12,26.73819732666016,27.04578018188477,26.58798217773437,26.90271759033203,1222551,A,False,2007-10-12
2007-10-15,27.1173095703125,27.64663887023925,26.90271759033203,27.310443878173828,2944048,A,False,2007-10-15
2007-10-16,27.589412689208984,28.12589454650879,27.224607467651367,27.39628028869629,3666535,A,False,2007-10-16
2007-10-18,27.57510757446289,27.61087226867676,27.160228729248047,27.4892692565918,4184214,,False,2007-10-18
2007-10-19,27.474964141845703,27.474964141845703,26.623748779296875,26.68097305297852,2484526,A,False,2007-10-19
2007-10-22,26.402002334594727,26.53075790405273,25.8726749420166,26.18025779724121,1901979,A,False,2007-10-22
2007-10-23,26.4234619140625,26.73819732666016,26.251787185668945,26.70243263244629,1994946,A,False,2007-10-23
2007-10-24,26.51645278930664,26.69527816772461,26.051502227783203,26.39484977722168,3712948,A,False,2007-10-24
2007-10-25,26.466381072998047,26.559371948242188,25.75107383728028,25.922746658325195,2125240,A,False,2007-10-25
2007-10-30,25.87982749938965,25.87982749938965,25.350500106811523,25.65093040466309,5524477,,False,2007-10-30
2007-10-31,25.851215362548828,26.38769721984864,25.63662338256836,26.35908317565918,2400646,A,False,2007-10-31
2007-11-01,26.230329513549805,26.50929832458496,25.91559410095215,25.93705368041992,2688494,A,False,2007-11-01
2007-11-02,26.00143051147461,26.2804012298584,25.622318267822266,25.765378952026367,1835714,A,False,2007-11-02
2007-11-05,25.40057182312012,25.7439193725586,25.14306259155273,25.529327392578125,2982353,A,False,2007-11-05
2007-11-06,25.58655166625977,25.92989921569824,25.314735412597656,25.84406280517578,3101463,A,False,2007-11-06
2007-11-07,25.48640823364257,25.8726749420166,25.05722427368164,25.100143432617188,2974944,A,False,2007-11-07
2007-11-08,25.22174453735352,25.22174453735352,24.413448333740234,25.021459579467773,3324304,A,False,2007-11-08
2007-11-09,24.6423454284668,24.678112030029297,23.805435180664062,23.88412094116211,4467728,A,False,2007-11-09
2007-11-12,23.51215934753418,24.29899978637696,23.51215934753418,23.96995735168457,3924885,A,False,2007-11-12
2007-11-13,24.12017250061035,24.327611923217773,23.87696647644043,24.256080627441406,2565190,A,False,2007-11-13
2007-11-15,24.35622215270996,25.0,24.170242309570312,24.170242309570312,5975192,,False,2007-11-15
2007-11-20,25.60085868835449,26.437768936157227,25.60085868835449,26.11587905883789,17757536,,False,2007-11-20
2007-11-26,26.15164566040039,26.87410545349121,26.15164566040039,26.15164566040039,7708013,,False,2007-11-26
2007-11-27,26.087268829345703,26.580829620361328,26.03719520568848,26.34477806091309,3491924,A,False,2007-11-27
2007-11-28,26.48784065246582,27.23176002502441,26.35908317565918,27.14592361450196,3202119,A,False,2007-11-28
2007-12-03,27.110157012939453,27.317596435546875,26.88125991821289,27.00286102294922,8969848,,False,2007-12-03
2007-12-04,26.895565032958984,27.281831741333008,26.773963928222656,26.809728622436523,4236639,A,False,2007-12-04
2007-12-06,27.12446403503418,27.317596435546875,26.838340759277344,27.14592361450196,6077665,,False,2007-12-06
2007-12-10,27.13876914978028,27.353361129760746,27.03862762451172,27.103004455566406,3748318,,False,2007-12-10
2007-12-11,27.08869743347168,27.103004455566406,26.065807342529297,26.087268829345703,3479063,A,False,2007-12-11
2007-12-13,26.866952896118164,27.2961368560791,26.15879821777344,26.437768936157227,5814841,,False,2007-12-13
2007-12-14,26.18025779724121,26.437768936157227,25.93705368041992,25.97281837463379,2840317,A,False,2007-12-14
2007-12-17,25.80829811096192,26.080114364624023,25.30758285522461,25.350500106811523,2982773,A,False,2007-12-17
2007-12-19,25.48640823364257,25.57939910888672,25.021459579467773,25.39341926574707,5834273,,False,2007-12-19
2007-12-20,25.47925567626953,26.1015739440918,25.47925567626953,26.051502227783203,2766502,A,False,2007-12-20
2007-12-26,26.36623764038086,26.831186294555664,26.36623764038086,26.802574157714844,6719347,,False,2007-12-26
2007-12-27,26.67382049560547,26.84549331665039,26.566524505615234,26.566524505615234,2628520,A,False,2007-12-27
2007-12-28,26.523605346679688,26.831186294555664,26.523605346679688,26.81688117980957,3284321,A,False,2007-12-28
2007-12-31,26.68097305297852,26.716737747192383,26.18741035461425,26.2804012298584,2844790,A,False,2007-12-31
2008-01-02,26.230329513549805,26.323318481445312,25.83691024780273,25.965665817260746,2598742,A,False,2008-01-02
2008-01-03,25.965665817260746,26.00143051147461,25.658082962036133,25.708154678344727,2789569,A,False,2008-01-03
2008-01-04,25.45064353942871,25.64377784729004,24.835479736328125,24.871244430541992,4939274,A,False,2008-01-04
2008-01-08,25.27897071838379,25.66523551940918,25.14306259155273,25.24320411682129,10581881,,False,2008-01-08
2008-01-09,24.95708274841309,25.54363441467285,24.835479736328125,25.30758285522461,5362728,A,False,2008-01-09
2008-01-10,25.25035858154297,26.645206451416016,25.13590812683105,26.44492149353028,6191602,A,False,2008-01-10
2008-01-11,26.251787185668945,26.75965690612793,25.736766815185547,25.75107383728028,4102012,A,False,2008-01-11
2008-01-14,27.06008529663086,27.06008529663086,25.89413452148437,26.20886993408203,2758673,A,False,2008-01-14
2008-01-15,25.78683853149414,25.99427795410156,25.50786781311035,25.7439193725586,3874837,A,False,2008-01-15
2008-01-17,25.572246551513672,25.84406280517578,25.035764694213867,25.28612327575684,10798012,,False,2008-01-17
2008-01-18,25.15021514892578,25.15021514892578,23.676681518554688,24.077253341674805,9815777,A,False,2008-01-18
2008-01-22,22.868383407592773,23.698139190673828,22.360515594482425,23.49070167541504,6898990,A,False,2008-01-22
2008-01-23,22.6680965423584,24.00572204589844,22.49642372131348,23.912731170654297,6727595,A,False,2008-01-23
2008-01-25,23.94134521484375,24.35622215270996,23.805435180664062,23.805435180664062,8111615,,False,2008-01-25
2008-01-28,23.72675323486328,24.00572204589844,23.45493507385254,23.977109909057617,3319551,A,False,2008-01-28
2008-02-04,24.563661575317383,24.97138786315918,24.563661575317383,24.64949989318848,25967710,,False,2008-02-04
2008-02-05,24.177396774291992,24.742488861083984,24.01287651062012,24.02718162536621,4682182,A,False,2008-02-05
2008-02-06,24.320457458496094,24.72818374633789,23.977109909057617,24.05579376220703,4677708,A,False,2008-02-06
2008-02-07,23.87696647644043,23.962804794311523,23.03290367126465,23.19027137756348,7715282,A,False,2008-02-07
2008-02-08,23.0257511138916,23.11874008178711,22.75393486022949,22.889842987060547,7679773,A,False,2008-02-08
2008-02-11,22.889842987060547,22.889842987060547,22.589412689208984,22.78969955444336,6432058,A,False,2008-02-11
2008-02-12,22.889842987060547,23.104434967041016,22.73962783813477,22.78254508972168,5405786,A,False,2008-02-12
2008-02-13,22.92560768127441,23.7195987701416,22.832618713378903,23.376251220703125,8414562,A,False,2008-02-13
2008-02-14,23.376251220703125,23.48354721069336,22.21030044555664,22.560800552368164,9346329,A,False,2008-02-14
2008-02-19,22.246065139770508,22.246065139770508,21.802574157714844,22.12446403503418,10591947,,False,2008-02-19
2008-02-20,21.895565032958984,22.61087226867676,21.87410545349121,22.55364799499512,4819885,A,False,2008-02-20
2008-02-21,22.589412689208984,22.868383407592773,22.503576278686523,22.61087226867676,5573127,A,False,2008-02-21
2008-02-22,22.48211669921875,22.589412689208984,22.017166137695312,22.467811584472656,3111109,A,False,2008-02-22
2008-02-25,22.474964141845703,22.73962783813477,22.317596435546875,22.532188415527344,4274525,A,False,2008-02-25
2008-02-26,22.467811584472656,22.825464248657227,22.34620857238769,22.796852111816406,9127542,A,False,2008-02-26
2008-02-27,22.7038631439209,23.204578399658203,22.63948440551757,22.91130256652832,2893860,A,False,2008-02-27
2008-02-28,22.68955612182617,22.825464248657227,22.28898429870605,22.63948440551757,3526175,A,False,2008-02-28
2008-02-29,22.36766815185547,22.48211669921875,21.824033737182617,21.895565032958984,4958426,A,False,2008-02-29
2008-03-03,21.90987014770508,22.06008529663086,21.67382049560547,21.988555908203125,2831649,A,False,2008-03-03
2008-03-04,21.74535179138184,21.981401443481445,21.4234619140625,21.824033737182617,4606550,A,False,2008-03-04
2008-03-05,21.72389030456543,22.024320602416992,21.57367706298828,21.888412475585938,3761738,A,False,2008-03-05
2008-03-06,21.824033737182617,21.959943771362305,21.53075790405273,21.559371948242188,2954254,A,False,2008-03-06
2008-03-07,21.430614471435547,21.924177169799805,21.330472946166992,21.50929832458496,4018831,A,False,2008-03-07
2008-03-11,21.466381072998047,21.57367706298828,21.065807342529297,21.57367706298828,7721853,,False,2008-03-11
2008-03-12,21.709585189819336,22.38197326660156,21.566524505615234,21.766809463500977,3995484,A,False,2008-03-12
2008-03-14,21.437768936157227,21.90987014770508,20.99427795410156,21.201717376708984,8488516,,False,2008-03-14
2008-03-17,20.658082962036133,21.45207405090332,20.658082962036133,21.223175048828125,4426627,A,False,2008-03-17
2008-03-19,21.459226608276367,22.05293273925781,21.09442138671875,21.09442138671875,7026348,,False,2008-03-19
2008-03-20,21.12303352355957,21.266094207763672,20.75822639465332,21.21602249145508,6058233,A,False,2008-03-20
2008-03-25,21.473533630371094,21.866952896118164,21.473533630371094,21.68812561035156,4455147,,False,2008-03-25
2008-03-26,21.6022891998291,21.63805389404297,21.38769721984864,21.45207405090332,2459641,A,False,2008-03-26
2008-03-28,21.27324676513672,21.27324676513672,20.89413452148437,21.15879821777344,8165858,,False,2008-03-28
2008-03-31,21.108726501464844,21.39484977722168,20.958511352539062,21.33762550354004,3144382,A,False,2008-03-31
2008-04-01,21.39484977722168,22.160228729248047,21.39484977722168,22.09585189819336,3152490,A,False,2008-04-01
2008-04-02,22.160228729248047,22.63948440551757,22.08869743347168,22.33905601501465,3447887,A,False,2008-04-02
2008-04-03,22.160228729248047,22.675249099731445,22.160228729248047,22.510730743408203,2482149,A,False,2008-04-03
2008-04-04,22.503576278686523,22.868383407592773,22.39628028869629,22.682403564453125,1992709,A,False,2008-04-04
2008-04-07,22.68955612182617,22.8826904296875,22.54649543762207,22.582260131835938,1860039,A,False,2008-04-07
2008-04-10,22.353361129760746,22.353361129760746,21.988555908203125,22.131616592407227,7621756,,False,2008-04-10
2008-04-11,21.988555908203125,22.03147315979004,21.459226608276367,21.552217483520508,2567427,A,False,2008-04-11
2008-04-14,21.552217483520508,21.895565032958984,21.380544662475582,21.63805389404297,1849414,A,False,2008-04-14
2008-04-15,21.709585189819336,21.78826904296875,20.59370422363281,20.851215362548828,6553125,A,False,2008-04-15
2008-04-16,20.987123489379883,21.888412475585938,20.987123489379883,21.74535179138184,4029875,A,False,2008-04-16
2008-04-17,21.824033737182617,21.952789306640625,21.373390197753903,21.523605346679688,2748608,A,False,2008-04-17
2008-04-18,21.90987014770508,22.38912773132324,21.84549331665039,22.153076171875,3037574,A,False,2008-04-18
2008-04-21,21.9742488861084,22.167381286621094,21.73104476928711,21.93132972717285,2514862,A,False,2008-04-21
2008-04-22,21.802574157714844,21.895565032958984,21.430614471435547,21.566524505615234,2113776,A,False,2008-04-22
2008-04-23,21.559371948242188,22.310443878173828,21.552217483520508,22.2031478881836,3240284,A,False,2008-04-23
2008-04-24,22.19599342346192,22.711015701293945,22.06723976135254,22.4892692565918,3332832,A,False,2008-04-24
2008-04-25,22.560800552368164,22.73962783813477,22.13876914978028,22.55364799499512,2904485,A,False,2008-04-25
2008-04-28,22.60371971130371,22.66094398498535,21.888412475585938,21.93132972717285,3524917,A,False,2008-04-28
2008-04-29,21.85980033874512,22.14592361450196,21.716737747192383,21.85980033874512,4065943,A,False,2008-04-29
2008-05-01,21.924177169799805,21.99570846557617,21.380544662475582,21.99570846557617,9010390,,False,2008-05-01
2008-05-05,22.474964141845703,22.982833862304688,22.474964141845703,22.61802673339844,7166148,,False,2008-05-05
2008-05-06,22.42489242553711,22.8969955444336,22.23176002502441,22.76108741760254,2374363,A,False,2008-05-06
2008-05-08,22.74678039550781,23.06867027282715,22.66094398498535,22.87553596496582,5013089,,False,2008-05-08
2008-05-09,22.589412689208984,22.98998641967773,22.467811584472656,22.81831169128418,3817658,A,False,2008-05-09
2008-05-12,22.947067260742188,23.175966262817383,22.768239974975582,23.15450668334961,4555103,A,False,2008-05-12
2008-05-13,23.168813705444336,23.24034309387207,22.90414810180664,23.054363250732425,2373664,A,False,2008-05-13
2008-05-14,23.21173095703125,23.78397750854492,23.054363250732425,23.26895523071289,4093624,A,False,2008-05-14
2008-05-16,24.74964141845703,25.572246551513672,24.74964141845703,25.100143432617188,16987378,,False,2008-05-16
2008-05-27,25.49356269836425,26.36623764038086,25.49356269836425,26.051502227783203,24646879,,False,2008-05-27
2008-05-28,26.065807342529297,26.53075790405273,25.89413452148437,26.430614471435547,4287806,A,False,2008-05-28
2008-05-29,26.416309356689453,26.68097305297852,26.108726501464844,26.559371948242188,3906991,A,False,2008-05-29
2008-05-30,26.58798217773437,26.824033737182617,26.36623764038086,26.74535179138184,3587548,A,False,2008-05-30
2008-06-02,26.416309356689453,26.659513473510746,26.18741035461425,26.39484977722168,4762427,A,False,2008-06-02
2008-06-03,26.523605346679688,26.78826904296875,26.194564819335938,26.380544662475582,3541833,A,False,2008-06-03
2008-06-04,26.35908317565918,26.72389030456543,26.165950775146484,26.459226608276367,4756415,A,False,2008-06-04
2008-06-05,26.50214576721192,27.00286102294922,26.409156799316406,26.93132972717285,2896516,A,False,2008-06-05
2008-06-06,26.709585189819336,26.73819732666016,26.051502227783203,26.11587905883789,3546307,A,False,2008-06-06
2008-06-10,26.194564819335938,26.402002334594727,25.922746658325195,26.287553787231445,6132327,,False,2008-06-10
2008-06-11,25.851215362548828,26.34477806091309,25.851215362548828,25.92989921569824,2636628,A,False,2008-06-11
2008-06-16,26.18025779724121,26.988555908203125,26.18025779724121,26.716737747192383,13151964,,False,2008-06-16
2008-06-18,26.809728622436523,27.024320602416992,26.459226608276367,26.73819732666016,8443640,,False,2008-06-18
2008-06-19,26.773963928222656,27.18168830871582,26.659513473510746,27.110157012939453,3623756,A,False,2008-06-19
2008-06-20,26.85264778137207,27.017166137695312,26.466381072998047,26.87410545349121,6029574,A,False,2008-06-20
2008-06-23,26.93848419189453,27.04578018188477,26.50214576721192,26.523605346679688,4274665,A,False,2008-06-23
2008-06-25,26.416309356689453,26.50214576721192,25.679542541503903,26.4234619140625,7616025,,False,2008-06-25
2008-06-26,26.15879821777344,26.201717376708984,25.414878845214844,25.536481857299805,3817239,A,False,2008-06-26
2008-06-30,25.46495056152344,25.7296142578125,25.28612327575684,25.42203140258789,9160395,,False,2008-06-30
2008-07-01,25.06437873840332,25.58655166625977,24.985694885253903,25.443490982055664,4520713,A,False,2008-07-01
2008-07-02,25.48640823364257,25.801143646240234,25.23605155944824,25.293275833129883,3692677,A,False,2008-07-02
2008-07-07,25.414878845214844,25.529327392578125,24.69957160949707,25.08583641052246,11136188,,False,2008-07-07
2008-07-08,25.04291725158692,25.765378952026367,25.0,25.701000213623047,4678966,A,False,2008-07-08
2008-07-09,25.829757690429688,25.8726749420166,25.100143432617188,25.100143432617188,2905743,A,False,2008-07-09
2008-07-11,25.18597984313965,25.386266708374023,24.778255462646484,25.386266708374023,6806303,,False,2008-07-11
2008-07-14,25.78683853149414,25.78683853149414,25.0500717163086,25.13590812683105,2879740,A,False,2008-07-14
2008-07-15,24.84978485107422,25.21459197998047,24.713876724243164,24.91416358947754,4336876,A,False,2008-07-15
2008-07-16,24.8211727142334,25.350500106811523,24.799713134765625,25.121601104736328,4138779,A,False,2008-07-16
2008-07-17,24.60658073425293,25.257511138916016,24.60658073425293,25.13590812683105,4302625,A,False,2008-07-17
2008-07-18,25.15021514892578,25.49356269836425,24.828325271606445,25.443490982055664,3765373,A,False,2008-07-18
2008-07-21,25.58655166625977,25.58655166625977,25.100143432617188,25.27181625366211,1989354,A,False,2008-07-21
2008-07-22,25.04291725158692,25.15021514892578,24.713876724243164,25.128755569458008,3671987,A,False,2008-07-22
2008-07-23,25.207439422607425,25.81545066833496,25.128755569458008,25.75107383728028,3923487,A,False,2008-07-23
2008-07-24,25.658082962036133,25.858369827270508,25.39341926574707,25.529327392578125,3712669,A,False,2008-07-24
2008-07-25,25.629470825195312,25.951358795166016,25.60085868835449,25.901287078857425,3517228,A,False,2008-07-25
2008-07-28,25.87982749938965,26.04434967041016,25.622318267822266,25.629470825195312,3265868,A,False,2008-07-28
2008-07-29,25.379112243652344,26.03719520568848,25.379112243652344,25.84406280517578,2749027,A,False,2008-07-29
2008-07-30,25.922746658325195,26.409156799316406,25.822603225708008,26.258941650390625,2364577,A,False,2008-07-30
2008-07-31,26.11587905883789,26.223175048828125,25.765378952026367,25.793991088867188,2710023,A,False,2008-07-31
2008-08-04,25.7296142578125,25.7296142578125,25.22174453735352,25.27897071838379,5848812,,False,2008-08-04
2008-08-05,25.536481857299805,25.93705368041992,25.386266708374023,25.81545066833496,3424121,A,False,2008-08-05
2008-08-06,25.672388076782227,26.21602249145508,25.557939529418945,26.20886993408203,2653823,A,False,2008-08-06
2008-08-12,26.266094207763672,26.645206451416016,26.266094207763672,26.44492149353028,11848749,,False,2008-08-12
2008-08-13,26.316165924072266,26.51645278930664,25.679542541503903,26.14449119567871,2913991,A,False,2008-08-13
2008-08-14,25.901287078857425,26.230329513549805,25.48640823364257,25.87982749938965,4355189,A,False,2008-08-14
2008-08-15,26.251787185668945,26.323318481445312,25.75107383728028,26.015737533569336,3658566,A,False,2008-08-15
2008-08-18,26.03719520568848,26.03719520568848,25.436338424682617,25.59370422363281,4201829,A,False,2008-08-18
2008-08-19,25.49356269836425,25.57939910888672,25.11444854736328,25.21459197998047,3299140,A,False,2008-08-19
2008-08-20,25.22889709472656,25.27181625366211,24.69241714477539,24.89270401000977,2776708,A,False,2008-08-20
2008-08-21,24.54935646057129,24.921316146850582,24.54220390319824,24.77110290527344,2916088,A,False,2008-08-21
2008-08-22,24.84978485107422,25.357654571533203,24.84978485107422,25.30758285522461,2253856,A,False,2008-08-22
2008-08-25,25.11444854736328,25.30042839050293,24.84263229370117,24.878398895263672,2628520,A,False,2008-08-25
2008-08-27,24.78540802001953,24.921316146850582,24.2703857421875,24.84978485107422,4525047,,False,2008-08-27
2008-08-28,24.964235305786133,25.40057182312012,24.89270401000977,25.40057182312012,1959577,A,False,2008-08-28
2008-09-02,25.23605155944824,25.257511138916016,24.52789688110352,24.67095947265625,5208249,,False,2008-09-02
2008-09-03,24.57081413269043,24.678112030029297,23.862661361694336,24.18454933166504,3855265,A,False,2008-09-03
2008-09-04,23.977109909057617,23.984262466430664,22.98998641967773,23.018598556518555,3656609,A,False,2008-09-04
2008-09-05,22.889842987060547,23.54792594909668,22.711015701293945,23.45493507385254,3217357,A,False,2008-09-05
2008-09-08,23.87696647644043,23.977109909057617,23.29756736755371,23.583690643310547,3046102,A,False,2008-09-08
2008-09-09,23.7195987701416,23.7195987701416,22.93276023864746,22.93276023864746,2611883,A,False,2008-09-09
2008-09-10,23.111587524414062,23.21173095703125,22.74678039550781,22.811159133911133,3605162,A,False,2008-09-10
2008-09-11,22.532188415527344,22.889842987060547,22.253219604492188,22.846923828125,3710432,A,False,2008-09-11
2008-09-12,22.725322723388672,22.96137237548828,22.56795310974121,22.92560768127441,3064835,A,False,2008-09-12
2008-09-15,22.42489242553711,22.78969955444336,22.03147315979004,22.05293273925781,3088042,A,False,2008-09-15
2008-09-18,21.802574157714844,21.96709632873535,21.03004264831543,21.96709632873535,14713811,,False,2008-09-18
2008-09-19,22.8969955444336,23.60515022277832,22.7038631439209,23.54077339172364,4986247,A,False,2008-09-19
2008-09-22,23.44778251647949,23.44778251647949,22.188840866088867,22.260372161865234,3885881,A,False,2008-09-22
2008-09-23,22.36766815185547,22.582260131835938,21.84549331665039,22.074392318725582,4292140,A,False,2008-09-23
2008-09-24,22.010013580322266,22.21745491027832,21.68812561035156,21.988555908203125,4206442,A,False,2008-09-24
2008-09-25,22.1173095703125,22.224607467651367,21.85980033874512,22.017166137695312,6592549,A,False,2008-09-25
2008-09-26,22.017166137695312,22.167381286621094,21.559371948242188,22.12446403503418,6307077,A,False,2008-09-26
2008-10-01,21.402002334594727,21.402002334594727,20.48640823364257,21.223175048828125,16689743,,False,2008-10-01
2008-10-03,20.951358795166016,20.951358795166016,20.05722427368164,20.22889709472656,9053448,,False,2008-10-03
2008-10-06,19.88555145263672,19.88555145263672,18.39055824279785,19.30615234375,6326369,A,False,2008-10-06
2008-10-07,19.49928474426269,19.67095947265625,17.925607681274414,17.96137237548828,5406346,A,False,2008-10-07
2008-10-08,17.560800552368164,18.5908432006836,17.42489242553711,17.868383407592773,4655200,A,False,2008-10-08
2008-10-09,17.8826904296875,18.383405685424805,16.258941650390625,16.2804012298584,6478891,A,False,2008-10-09
2008-10-10,15.586551666259766,16.917024612426758,14.77110195159912,16.080114364624023,8203045,A,False,2008-10-10
2008-10-13,16.75965690612793,18.31187438964844,16.45207405090332,18.31187438964844,4143952,A,False,2008-10-13
2008-10-14,18.962804794311523,19.66380500793457,17.153076171875,17.60371971130371,5027068,A,False,2008-10-14
2008-10-15,17.39628028869629,17.439199447631836,15.71530818939209,15.84406280517578,4259846,A,False,2008-10-15
2008-10-16,15.801143646240234,16.67382049560547,14.713876724243164,16.60944175720215,5273116,A,False,2008-10-16
2008-10-17,16.35908317565918,16.917024612426758,15.779685020446776,16.17310333251953,2902248,A,False,2008-10-17
2008-10-20,16.351930618286133,17.06008529663086,15.979970932006836,17.06008529663086,2529681,A,False,2008-10-20
2008-10-21,16.752504348754883,17.12446403503418,16.18025779724121,16.258941650390625,3114325,A,False,2008-10-21
2008-10-22,16.17310333251953,16.17310333251953,14.692418098449709,15.193133354187012,4337994,A,False,2008-10-22
2008-10-23,15.278969764709473,15.321887969970703,14.127325057983398,14.821172714233398,6420595,A,False,2008-10-23
2008-10-24,13.819742202758787,14.570815086364746,13.519312858581545,14.127325057983398,4753759,A,False,2008-10-24
2008-10-27,13.912732124328612,14.234621047973633,13.412016868591309,13.533618927001951,4399786,A,False,2008-10-27
2008-10-28,13.819742202758787,15.128754615783691,13.555079460144045,15.128754615783691,4767320,A,False,2008-10-28
2008-10-29,15.214591979980469,16.022890090942383,14.749642372131348,15.236051559448242,5064674,A,False,2008-10-29
2008-10-30,15.7296142578125,16.194564819335938,15.565093040466309,16.11587905883789,3457114,A,False,2008-10-30
2008-10-31,15.836910247802734,16.580829620361328,15.593705177307127,15.872674942016602,5943038,A,False,2008-10-31
2008-11-03,15.829756736755373,16.6022891998291,15.765378952026367,16.45207405090332,3130541,A,False,2008-11-03
2008-11-04,16.795421600341797,17.93276023864746,16.766809463500977,17.625179290771484,4493731,A,False,2008-11-04
2008-11-05,17.324750900268555,17.60371971130371,16.623748779296875,16.63805389404297,3003044,A,False,2008-11-05
2008-11-06,16.45207405090332,16.716737747192383,15.243205070495604,15.32904052734375,4442145,A,False,2008-11-06
2008-11-07,15.371959686279297,16.037195205688477,15.207439422607422,15.622318267822266,3836531,A,False,2008-11-07
2008-11-10,15.879828453063965,16.2446346282959,15.286123275756836,15.52932834625244,3302495,A,False,2008-11-10
2008-11-11,15.371959686279297,15.522174835205078,14.692418098449709,14.978541374206545,3041349,A,False,2008-11-11
2008-11-13,14.699570655822754,14.735336303710938,12.911301612854004,14.735336303710938,9085881,,False,2008-11-13
2008-11-14,14.685264587402344,16.008583068847656,14.10586643218994,14.842632293701172,6379913,A,False,2008-11-14
2008-11-17,14.163089752197266,14.356223106384276,13.37625217437744,13.676680564880373,6550189,A,False,2008-11-17
2008-11-18,13.755365371704102,13.92703914642334,13.018597602844238,13.59084415435791,4217207,A,False,2008-11-18
2008-11-19,13.512160301208496,13.855507850646973,12.610873222351074,12.61802577972412,3697570,A,False,2008-11-19
2008-11-20,12.12446403503418,12.746781349182127,11.516451835632324,11.587983131408691,4679945,A,False,2008-11-20
2008-11-21,11.838339805603027,12.396280288696287,11.287553787231444,12.367668151855469,4383988,A,False,2008-11-21
2008-11-24,12.51788330078125,13.741059303283691,12.288984298706056,13.311874389648438,4996312,A,False,2008-11-24
2008-11-25,13.876967430114746,13.876967430114746,12.947067260742188,13.268956184387209,6343565,A,False,2008-11-25
2008-11-26,12.8826904296875,13.412016868591309,12.61802577972412,13.369098663330078,4566567,A,False,2008-11-26
2008-11-28,13.311874389648438,13.490700721740724,13.18311882019043,13.469242095947266,1329218,A,False,2008-11-28
2008-12-01,13.175966262817385,13.175966262817385,12.331903457641602,12.346208572387695,3850232,A,False,2008-12-01
2008-12-02,12.539341926574709,12.87553596496582,12.12446403503418,12.61802577972412,4166040,A,False,2008-12-02
2008-12-03,12.317597389221191,13.097282409667969,12.153076171875,13.018597602844238,4350576,A,False,2008-12-03
2008-12-04,12.782546043395996,13.154505729675291,12.331903457641602,12.525035858154297,3465223,A,False,2008-12-04
2008-12-05,12.417739868164062,12.50357723236084,11.709585189819336,12.346208572387695,6708163,A,False,2008-12-05
2008-12-09,12.639485359191896,12.954219818115234,12.203146934509276,12.825465202331545,20931555,,False,2008-12-09
2008-12-10,12.896995544433594,13.040057182312012,12.403432846069336,13.011445045471191,12064181,A,False,2008-12-10
2008-12-11,12.746781349182127,13.175966262817385,12.639485359191896,12.968525886535645,8373461,A,False,2008-12-11
2008-12-12,12.51788330078125,12.610873222351074,11.902717590332031,12.439199447631836,8582881,A,False,2008-12-12
2008-12-15,12.446352005004885,12.51788330078125,11.616595268249512,11.78826904296875,6224735,A,False,2008-12-15
2008-12-16,11.738197326660156,12.131616592407228,11.545063972473145,11.673819541931152,9241479,A,False,2008-12-16
2008-12-17,11.587983131408691,11.80257511138916,11.430615425109863,11.680973052978516,12498959,A,False,2008-12-17
2008-12-18,11.752504348754885,11.959942817687988,11.494993209838867,11.645207405090332,15649072,A,False,2008-12-18
2008-12-19,11.630901336669922,12.024319648742676,11.530757904052734,11.645207405090332,20688722,A,False,2008-12-19
2008-12-22,11.65951442718506,11.65951442718506,11.080114364624023,11.30901336669922,5734316,A,False,2008-12-22
2008-12-26,11.244634628295898,11.244634628295898,10.979970932006836,11.051502227783203,9739307,,False,2008-12-26
2008-12-30,10.829756736755373,10.829756736755373,10.557939529418944,10.643776893615724,15151104,,False,2008-12-30
2008-12-31,10.672389030456545,11.323319435119627,10.672389030456545,11.180257797241213,6415003,A,False,2008-12-31
2009-01-02,11.158798217773438,11.65951442718506,11.09442138671875,11.616595268249512,4236220,A,False,2009-01-02
2009-01-05,11.530757904052734,12.224607467651367,11.444920539855955,12.010013580322266,7171321,A,False,2009-01-05
2009-01-08,12.73247528076172,13.383404731750488,12.73247528076172,13.125893592834473,28051290,,False,2009-01-08
2009-01-09,13.097282409667969,13.540773391723633,12.889842987060549,13.247495651245115,6917024,A,False,2009-01-09
2009-01-13,13.490700721740724,13.848355293273926,13.140199661254885,13.633763313293455,17733630,,False,2009-01-13
2009-01-14,13.161660194396973,13.37625217437744,12.904149055480955,13.19742488861084,9148792,A,False,2009-01-14
2009-01-15,13.21173095703125,13.834049224853516,13.011445045471191,13.676680564880373,9169901,A,False,2009-01-15
2009-01-20,13.92703914642334,14.334763526916504,13.505006790161133,13.505006790161133,14719402,,False,2009-01-20
2009-01-21,13.454936027526855,13.812588691711426,13.290414810180664,13.77682399749756,5641629,A,False,2009-01-21
2009-01-22,13.526466369628906,13.72675323486328,13.19742488861084,13.519312858581545,5811905,A,False,2009-01-22
2009-01-23,13.283262252807615,13.626608848571776,12.8826904296875,13.333333015441896,6208099,A,False,2009-01-23
2009-01-26,13.369098663330078,13.848355293273926,13.304720878601074,13.526466369628906,5797925,A,False,2009-01-26
2009-01-27,13.526466369628906,13.655221939086914,13.090128898620604,13.37625217437744,6613658,A,False,2009-01-27
2009-01-28,13.533618927001951,13.855507850646973,13.397710800170898,13.56223201751709,7473149,A,False,2009-01-28
2009-01-29,13.433476448059082,13.483548164367676,13.18311882019043,13.283262252807615,4583623,A,False,2009-01-29
2009-01-30,13.333333015441896,13.454936027526855,12.846923828125,12.932761192321776,4270890,A,False,2009-01-30
2009-02-03,12.725321769714355,13.040057182312012,12.696709632873535,13.025751113891602,10137877,,False,2009-02-03
2009-02-05,13.061515808105469,13.848355293273926,13.018597602844238,13.819742202758787,12568859,,False,2009-02-05
2009-02-06,13.655221939086914,14.084405899047852,13.655221939086914,13.80543613433838,4277321,A,False,2009-02-06
2009-02-09,13.69098663330078,13.884119987487791,13.369098663330078,13.61945629119873,4673234,A,False,2009-02-09
2009-02-10,13.540773391723633,13.648069381713867,12.975680351257324,13.061515808105469,5272277,A,False,2009-02-10
2009-02-12,13.233189582824709,13.268956184387209,12.846923828125,13.268956184387209,10575870,,False,2009-02-12
2009-02-13,13.283262252807615,13.583690643310549,13.140199661254885,13.21173095703125,4232585,A,False,2009-02-13
2009-02-17,12.639485359191896,12.86122989654541,12.339056015014648,12.625179290771484,7469794,A,False,2009-02-17
2009-02-18,11.444920539855955,12.317597389221191,11.351930618286133,11.480687141418455,14968246,A,False,2009-02-18
2009-02-19,11.516451835632324,11.580829620361328,11.087267875671388,11.130186080932615,7898281,A,False,2009-02-19
2009-02-20,10.95851230621338,11.051502227783203,10.708154678344728,10.858368873596191,7148953,A,False,2009-02-20
2009-02-26,10.672389030456545,10.672389030456545,10.11444854736328,10.164521217346191,25177840,,False,2009-02-26
2009-02-27,9.942774772644045,10.193133354187012,9.871245384216309,9.921316146850586,5494420,A,False,2009-02-27
2009-03-02,9.728182792663574,9.79971408843994,9.020029067993164,9.07009983062744,5994904,A,False,2009-03-02
2009-03-03,9.220314979553224,9.341917037963867,8.884119987487793,9.07009983062744,7055147,A,False,2009-03-03
2009-03-04,9.24177360534668,9.699570655822754,9.10586643218994,9.520744323730469,5427595,A,False,2009-03-04
2009-03-05,9.28469181060791,9.463519096374512,8.948497772216797,8.96995735168457,9678214,A,False,2009-03-05
2009-03-09,8.912732124328613,9.28469181060791,8.597996711730957,8.898426055908203,12818122,,False,2009-03-09
2009-03-10,9.091559410095217,9.63519287109375,9.034335136413574,9.60658073425293,6584300,A,False,2009-03-10
2009-03-11,9.699570655822754,9.98569393157959,9.57796859741211,9.678112030029297,5358254,A,False,2009-03-11
2009-03-12,9.628040313720703,9.935622215270996,9.341917037963867,9.878397941589355,5116680,A,False,2009-03-12
2009-03-17,9.907010078430176,10.314735412597656,9.864091873168944,10.314735412597656,10231543,,False,2009-03-17
2009-03-20,10.33619499206543,10.69384765625,10.33619499206543,10.33619499206543,14843404,,False,2009-03-20
2009-03-23,10.7296142578125,11.366236686706545,10.7296142578125,11.366236686706545,6473299,A,False,2009-03-23
2009-03-25,11.201717376708984,11.752504348754885,11.180257797241213,11.416309356689451,7896323,,False,2009-03-25
2009-03-27,11.595135688781738,12.288984298706056,11.595135688781738,11.595135688781738,12855728,,False,2009-03-27
2009-04-01,11.230328559875488,11.230328559875488,10.74392032623291,11.230328559875488,17702315,,False,2009-04-01
2009-04-02,11.723891258239746,11.995708465576172,11.57367706298828,11.673819541931152,5987774,A,False,2009-04-02
2009-04-06,11.230328559875488,11.673819541931152,11.230328559875488,11.430615425109863,8716530,,False,2009-04-06
2009-04-07,11.208869934082031,11.258940696716309,11.008584022521973,11.158798217773438,4978138,A,False,2009-04-07
2009-04-08,11.051502227783203,11.695279121398926,11.051502227783203,11.587983131408691,4806883,A,False,2009-04-08
2009-04-13,11.881258964538574,12.253218650817873,11.881258964538574,11.931329727172852,8914627,,False,2009-04-13
2009-04-14,11.91702365875244,11.995708465576172,11.731043815612791,11.81688117980957,3114185,A,False,2009-04-14
2009-04-16,11.74535083770752,11.909871101379396,11.523605346679688,11.909871101379396,11501346,,False,2009-04-16
2009-04-17,12.038626670837402,12.296136856079102,11.902717590332031,12.16738224029541,4154576,A,False,2009-04-17
2009-04-21,12.038626670837402,12.038626670837402,11.552216529846191,11.874106407165527,10988140,,False,2009-04-21
2009-04-22,11.752504348754885,12.324749946594238,11.695279121398926,11.988554954528809,3967524,A,False,2009-04-22
2009-04-23,11.974248886108398,11.974248886108398,11.480687141418455,11.731043815612791,5264169,A,False,2009-04-23
2009-04-24,11.81688117980957,12.21030044555664,11.595135688781738,12.088698387145996,3901818,A,False,2009-04-24
2009-04-28,11.931329727172852,12.374820709228516,11.931329727172852,12.188840866088867,9319767,,False,2009-04-28
2009-04-29,12.310442924499512,13.011445045471191,12.23891258239746,12.896995544433594,5516508,A,False,2009-04-29
2009-04-30,12.947067260742188,13.54792594909668,12.947067260742188,13.061515808105469,4977998,A,False,2009-04-30
2009-05-01,13.025751113891602,13.59084415435791,13.004291534423828,13.454936027526855,4039241,A,False,2009-05-01
2009-05-04,13.454936027526855,13.89127254486084,13.412016868591309,13.89127254486084,3885042,A,False,2009-05-04
2009-05-06,13.798282623291016,13.798282623291016,13.283262252807615,13.755365371704102,9209185,,False,2009-05-06
2009-05-07,13.841201782226562,13.848355293273926,13.297568321228027,13.42632293701172,3590903,A,False,2009-05-07
2009-05-08,13.56223201751709,13.884119987487791,13.505006790161133,13.834049224853516,3597893,A,False,2009-05-08
2009-05-12,13.640915870666504,13.712446212768556,13.283262252807615,13.583690643310549,5999098,,False,2009-05-12
2009-05-13,13.354792594909668,13.505006790161133,12.768239974975586,12.911301612854004,4229929,A,False,2009-05-13
2009-05-14,12.846923828125,13.21173095703125,12.403432846069336,13.111587524414062,4686236,A,False,2009-05-14
2009-05-18,12.782546043395996,12.782546043395996,12.346208572387695,12.782546043395996,11030080,,False,2009-05-18
2009-05-19,12.78969955444336,13.261802673339844,12.424893379211426,13.140199661254885,4224616,A,False,2009-05-19
2009-05-20,13.268956184387209,13.59084415435791,13.175966262817385,13.333333015441896,3662341,A,False,2009-05-20
2009-05-21,13.032903671264648,13.154505729675291,12.510729789733888,12.64663791656494,4439908,A,False,2009-05-21
2009-05-26,12.703863143920898,12.80400562286377,12.446352005004885,12.80400562286377,7064514,,False,2009-05-26
2009-05-27,12.939913749694824,13.090128898620604,12.753933906555176,12.796853065490724,3757824,A,False,2009-05-27
2009-05-28,12.947067260742188,13.018597602844238,12.51788330078125,12.86122989654541,3126627,A,False,2009-05-28
2009-05-29,12.911301612854004,13.040057182312012,12.711015701293944,13.040057182312012,2769298,A,False,2009-05-29
2009-06-01,13.190272331237791,13.741059303283691,13.190272331237791,13.505006790161133,5764513,A,False,2009-06-01
2009-06-03,13.705292701721191,14.163089752197266,13.705292701721191,13.826895713806152,10851836,,False,2009-06-03
2009-06-04,13.869813919067385,14.463519096374512,13.869813919067385,14.334763526916504,4408174,A,False,2009-06-04
2009-06-05,14.442060470581056,14.549356460571287,14.127325057983398,14.234621047973633,3230359,A,False,2009-06-05
2009-06-10,14.120171546936035,14.198856353759766,13.698140144348145,13.912732124328612,10906357,,False,2009-06-10
2009-06-11,13.934191703796388,14.377681732177734,13.89127254486084,14.10586643218994,4628638,A,False,2009-06-11
2009-06-12,14.07009983062744,14.07009983062744,13.54792594909668,13.848355293273926,3673525,A,False,2009-06-12
2009-06-16,13.669528007507324,13.669528007507324,13.233189582824709,13.283262252807615,7464061,,False,2009-06-16
2009-06-18,13.34048557281494,13.404864311218262,12.99713897705078,13.390558242797852,7653211,,False,2009-06-18
2009-06-19,13.597996711730955,13.662375450134276,13.37625217437744,13.512160301208496,6732628,A,False,2009-06-19
2009-06-23,13.369098663330078,13.369098663330078,13.118741035461426,13.268956184387209,7626090,,False,2009-06-23
2009-06-24,13.369098663330078,13.648069381713867,13.34048557281494,13.597996711730955,5450802,A,False,2009-06-24
2009-06-25,13.56223201751709,14.356223106384276,13.497854232788086,14.277539253234863,7063675,A,False,2009-06-25
2009-06-26,14.22746753692627,14.628040313720703,14.148783683776855,14.57796859741211,4788569,A,False,2009-06-26
2009-06-30,14.62088680267334,14.706724166870115,14.39198875427246,14.527896881103516,8512841,,False,2009-06-30
2009-07-01,14.570815086364746,14.98569393157959,14.47067165374756,14.749642372131348,4742715,A,False,2009-07-01
2009-07-02,14.449213027954102,14.449213027954102,13.798282623291016,14.10586643218994,6138898,A,False,2009-07-02
2009-07-07,14.077253341674805,14.077253341674805,13.555079460144045,13.583690643310549,7072482,,False,2009-07-07
2009-07-09,13.59084415435791,13.60515022277832,13.233189582824709,13.505006790161133,8946501,,False,2009-07-09
2009-07-10,13.433476448059082,13.648069381713867,13.390558242797852,13.56223201751709,3415594,A,False,2009-07-10
2009-07-13,13.5765380859375,13.876967430114746,13.412016868591309,13.869813919067385,3290333,A,False,2009-07-13
2009-07-14,13.769671440124512,14.020029067993164,13.769671440124512,13.94134521484375,2331864,A,False,2009-07-14
2009-07-15,14.077253341674805,14.79971408843994,13.96995735168457,14.706724166870115,4383988,A,False,2009-07-15
2009-07-16,14.64949893951416,14.95708179473877,14.628040313720703,14.899856567382812,4075869,A,False,2009-07-16
2009-07-17,14.907010078430176,15.02861213684082,14.692418098449709,14.992847442626951,2873869,A,False,2009-07-17
2009-07-20,15.11444854736328,15.522174835205078,15.057225227355955,15.42203140258789,3101603,A,False,2009-07-20
2009-07-21,15.515021324157717,15.629470825195312,15.35050106048584,15.36480712890625,5834273,A,False,2009-07-21
2009-07-22,15.33619499206543,15.457797050476074,15.107295989990234,15.37911319732666,6473439,A,False,2009-07-22
2009-07-23,15.33619499206543,15.92990016937256,15.264663696289062,15.822604179382324,5450243,A,False,2009-07-23
2009-07-27,15.622318267822266,16.416309356689453,15.60801124572754,16.20886993408203,10865675,,False,2009-07-27
2009-07-28,16.12303352355957,17.08869743347168,16.12303352355957,16.659513473510742,8908615,A,False,2009-07-28
2009-07-29,16.623748779296875,16.72389030456543,16.05865478515625,16.187410354614258,6997130,A,False,2009-07-29
2009-07-31,16.4234619140625,16.888412475585938,16.4234619140625,16.60944175720215,9361568,,False,2009-07-31
2009-08-03,16.888412475585938,17.174535751342773,16.795421600341797,17.131616592407227,3866029,A,False,2009-08-03
2009-08-05,17.06008529663086,17.45350456237793,16.952789306640625,16.952789306640625,7375568,,False,2009-08-05
2009-08-06,16.81688117980957,16.93132972717285,16.552217483520508,16.645206451416016,5083967,A,False,2009-08-06
2009-08-11,16.917024612426758,17.246065139770508,16.802574157714844,17.08869743347168,11655266,,False,2009-08-11
2009-08-12,17.138769149780273,17.682403564453125,17.103004455566406,17.439199447631836,4757254,A,False,2009-08-12
2009-08-13,17.553647994995117,17.739627838134766,17.42489242553711,17.589412689208984,3019960,A,False,2009-08-13
2009-08-14,17.57510757446289,17.689556121826172,16.9742488861084,17.195993423461914,4312970,A,False,2009-08-14
2009-08-17,17.081544876098633,17.103004455566406,16.652360916137695,16.85264778137207,5681192,A,False,2009-08-17
2009-08-24,18.11874008178711,18.59799766540528,18.11874008178711,18.24034309387207,38796877,,False,2009-08-24
2009-08-25,18.24034309387207,18.383405685424805,18.04721069335937,18.12589454650879,4318702,A,False,2009-08-25
2009-08-27,18.19742584228516,18.290414810180664,17.989986419677734,18.26895523071289,14470978,,False,2009-08-27
2009-08-28,18.36194610595703,18.63376235961914,18.33333206176757,18.476394653320312,5549361,A,False,2009-08-28
2009-08-31,18.204578399658203,18.412017822265625,18.104434967041016,18.36909866333008,7138887,A,False,2009-08-31
2009-09-01,18.24749565124512,18.83404922485352,18.226036071777344,18.49070167541504,9285935,A,False,2009-09-01
2009-09-03,18.26895523071289,18.26895523071289,17.854076385498047,18.09012985229492,15515703,,False,2009-09-03
2009-09-04,18.14735221862793,18.54077339172364,17.989986419677734,18.49785423278809,4551469,A,False,2009-09-04
2009-09-08,18.49785423278809,18.898426055908203,18.46208953857422,18.89127349853516,5757803,A,False,2009-09-08
2009-09-09,18.81974220275879,19.4492130279541,18.712446212768555,19.42060089111328,5139747,A,False,2009-09-09
2009-09-10,19.370529174804688,19.94277572631836,19.2703857421875,19.92846870422364,6009722,A,False,2009-09-10
2009-09-15,19.94277572631836,20.30042839050293,19.84978485107422,20.257511138916016,15690173,,False,2009-09-15
2009-09-17,20.264663696289062,20.61516571044922,20.264663696289062,20.379112243652344,9998776,,False,2009-09-17
2009-09-18,20.52217483520508,20.5507869720459,19.89985656738281,20.293275833129883,6202507,A,False,2009-09-18
2009-09-21,20.5507869720459,21.015737533569336,20.472103118896484,20.60801124572754,7854943,A,False,2009-09-21
2009-09-22,20.715307235717773,20.715307235717773,20.30758285522461,20.407724380493164,6613658,A,False,2009-09-22
2009-09-23,20.45064353942871,20.622318267822266,20.13590812683105,20.22174453735352,6227810,A,False,2009-09-23
2009-09-24,20.30042839050293,20.350500106811523,19.72818374633789,19.90700912475586,4159190,A,False,2009-09-24
2009-09-25,19.864091873168945,19.91416358947754,19.656652450561523,19.72818374633789,5157502,A,False,2009-09-25
2009-09-29,19.8211727142334,20.19313240051269,19.8211727142334,19.95708274841309,7305389,,False,2009-09-29
2009-09-30,20.02861213684082,20.07868385314941,19.678112030029297,19.90700912475586,6334058,A,False,2009-09-30
2009-10-01,19.048641204833984,19.54220390319824,18.81974220275879,19.03433418273925,7631123,A,False,2009-10-01
2009-10-02,18.89127349853516,18.934192657470703,18.562231063842773,18.81974220275879,4997011,A,False,2009-10-02
2009-10-05,18.805435180664062,19.29899978637696,18.74821281433105,19.18454933166504,4461298,A,False,2009-10-05
2009-10-06,19.434907913208008,19.64949989318848,19.256080627441406,19.470672607421875,4036585,A,False,2009-10-06
2009-10-07,19.36337661743164,19.45636558532715,19.23462104797364,19.38483428955078,2222261,A,False,2009-10-07
2009-10-09,19.67095947265625,19.84978485107422,19.57081413269043,19.64949989318848,7621616,,False,2009-10-09
2009-10-12,19.735336303710938,19.8211727142334,19.54935646057129,19.6423454284668,2649350,A,False,2009-10-12
2009-10-13,19.60658073425293,19.69241714477539,19.42060089111328,19.52074432373047,1988935,A,False,2009-10-13
2009-10-14,19.799713134765625,19.835479736328125,19.64949989318848,19.735336303710938,3873299,A,False,2009-10-14
2009-10-15,19.66380500793457,19.79256057739257,19.599428176879883,19.75679588317871,3953125,A,False,2009-10-15
2009-10-16,19.613733291625977,19.66380500793457,19.2703857421875,19.463518142700195,4231327,A,False,2009-10-16
2009-10-19,19.556509017944336,19.70672416687012,19.36337661743164,19.599428176879883,2850103,A,False,2009-10-19
2009-10-21,19.49928474426269,19.49928474426269,18.85550880432129,19.227468490600582,11693851,,False,2009-10-21
2009-10-23,19.38483428955078,19.38483428955078,18.626609802246094,18.74105834960937,7797484,,False,2009-10-23
2009-10-26,18.733905792236328,19.09871292114257,18.36909866333008,18.39055824279785,4062169,A,False,2009-10-26
2009-10-27,18.383405685424805,18.63376235961914,18.26895523071289,18.404863357543945,4801990,A,False,2009-10-27
2009-10-28,18.283262252807617,18.39055824279785,18.0257511138916,18.111587524414062,5502248,A,False,2009-10-28
2009-10-29,18.233190536499023,18.53361892700196,18.13304710388184,18.404863357543945,3485773,A,False,2009-10-29
2009-11-03,18.018598556518555,18.018598556518555,17.60371971130371,17.90414810180664,16509820,,False,2009-11-03
2009-11-04,17.982833862304688,18.29756736755371,17.8826904296875,17.918455123901367,4399226,A,False,2009-11-04
2009-11-05,18.111587524414062,18.733905792236328,18.09728240966797,18.69098663330078,3690720,A,False,2009-11-05
2009-11-06,18.94134521484375,18.94134521484375,18.555078506469727,18.7195987701416,3416013,A,False,2009-11-06
2009-11-09,18.90557861328125,19.284692764282227,18.84835433959961,19.284692764282227,2661512,A,False,2009-11-09
2009-11-10,19.320457458496094,19.45636558532715,19.163089752197266,19.313304901123047,3696731,A,False,2009-11-10
2009-11-11,19.54220390319824,19.6423454284668,19.327611923217773,19.6423454284668,4522250,A,False,2009-11-11
2009-11-12,19.75679588317871,19.806867599487305,19.513591766357425,19.620887756347656,4887688,A,False,2009-11-12
2009-11-13,20.007152557373047,20.66523551940918,19.84978485107422,20.46495056152344,8756233,A,False,2009-11-13
2009-11-16,20.207439422607425,21.1015739440918,20.100143432617188,21.008583068847656,6200969,A,False,2009-11-16
2009-11-18,20.84406280517578,21.251787185668945,20.84406280517578,21.072961807250977,8359341,,False,2009-11-18
2009-11-20,20.77968406677246,20.77968406677246,20.50786781311035,20.679542541503903,5859717,,False,2009-11-20
2009-11-23,20.97281837463379,21.12303352355957,20.81545066833496,20.94420623779297,2347382,A,False,2009-11-23
2009-11-24,20.97281837463379,20.97281837463379,20.658082962036133,20.91559410095215,2167319,A,False,2009-11-24
2009-11-25,20.88698005676269,21.130186080932617,20.88698005676269,21.130186080932617,2104689,A,False,2009-11-25
2009-11-30,20.357654571533203,20.708154678344727,20.035764694213867,20.68669509887696,4861825,,False,2009-11-30
2009-12-01,20.81545066833496,21.09442138671875,20.801143646240234,21.05865478515625,3171503,A,False,2009-12-01
2009-12-02,21.1015739440918,21.23748207092285,20.99427795410156,21.09442138671875,3675901,A,False,2009-12-02
2009-12-07,21.21602249145508,21.802574157714844,21.21602249145508,21.373390197753903,13994260,,False,2009-12-07
2009-12-08,21.14449119567871,21.29470634460449,20.901287078857425,21.165950775146484,2677729,A,False,2009-12-08
2009-12-09,21.130186080932617,21.130186080932617,20.7296142578125,20.922746658325195,4349597,A,False,2009-12-09
2009-12-11,21.14449119567871,21.416309356689453,21.14449119567871,21.201717376708984,4533714,,False,2009-12-11
2009-12-16,21.30901336669922,21.51645278930664,21.258941650390625,21.29470634460449,7349286,,False,2009-12-16
2009-12-18,21.065807342529297,21.287553787231445,20.9084415435791,21.03004264831543,7317412,,False,2009-12-18
2009-12-21,21.17310333251953,21.416309356689453,20.958511352539062,21.39484977722168,4401743,A,False,2009-12-21
2009-12-22,21.39484977722168,21.68812561035156,21.330472946166992,21.58798217773437,3469696,A,False,2009-12-22
2009-12-24,21.6022891998291,21.74535179138184,21.6022891998291,21.69527816772461,4159329,,False,2009-12-24
2009-12-30,21.69527816772461,22.34620857238769,21.623748779296875,22.246065139770508,12276537,,False,2009-12-30
2010-01-04,22.26752471923828,22.725322723388672,22.26752471923828,22.38912773132324,9040167,,False,2010-01-04
2010-01-06,22.174535751342773,22.174535751342773,22.00286102294922,22.06723976135254,7429810,,False,2010-01-06
2010-01-08,22.017166137695312,22.04578018188477,21.74535179138184,22.03147315979004,6829090,,False,2010-01-08
2010-01-11,22.08869743347168,22.21030044555664,21.93848419189453,22.04578018188477,4781579,A,False,2010-01-11
2010-01-13,21.85980033874512,21.924177169799805,21.494993209838867,21.924177169799805,6290022,,False,2010-01-13
2010-01-15,21.88125991821289,22.43204689025879,21.81688117980957,21.81688117980957,10790463,,False,2010-01-15
2010-01-19,21.716737747192383,22.05293273925781,21.709585189819336,22.03147315979004,3563642,A,False,2010-01-19
2010-01-21,21.838340759277344,21.93848419189453,21.58798217773437,21.831186294555664,10670515,,False,2010-01-21
2010-01-25,21.20886993408203,21.20886993408203,20.80829811096192,21.065807342529297,7871579,,False,2010-01-25
2010-01-26,21.008583068847656,21.1015739440918,20.7296142578125,20.951358795166016,2696882,A,False,2010-01-26
2010-01-28,20.88698005676269,20.951358795166016,20.379112243652344,20.52217483520508,9299356,,False,2010-01-28
2010-01-29,20.69384765625,20.865522384643555,19.97138786315918,20.0500717163086,5923046,A,False,2010-01-29
2010-02-01,20.14306259155273,20.97281837463379,20.121601104736328,20.83691024780273,5585429,A,False,2010-02-01
2010-02-02,20.901287078857425,21.165950775146484,20.80829811096192,21.1015739440918,5884741,A,False,2010-02-02
2010-02-03,21.022890090942383,21.380544662475582,21.00143051147461,21.130186080932617,6085634,A,False,2010-02-03
2010-02-04,20.958511352539062,21.065807342529297,20.701000213623047,20.793991088867188,6632392,A,False,2010-02-04
2010-02-05,20.679542541503903,20.92989921569824,20.157367706298828,20.865522384643555,9546662,A,False,2010-02-05
2010-02-08,20.89413452148437,21.230329513549805,20.83691024780273,20.88698005676269,6924154,A,False,2010-02-08
2010-02-09,21.12303352355957,21.258941650390625,20.8726749420166,21.03719520568848,5150651,A,False,2010-02-09
2010-02-11,21.072961807250977,21.09442138671875,20.57939910888672,21.00143051147461,10237974,,False,2010-02-11
2010-02-17,21.924177169799805,21.988555908203125,21.552217483520508,21.90987014770508,22908607,,False,2010-02-17
2010-02-18,21.866952896118164,22.174535751342773,21.773963928222656,22.160228729248047,3313959,A,False,2010-02-18
2010-02-19,22.06008529663086,22.36766815185547,21.90271759033203,22.317596435546875,4186171,A,False,2010-02-19
2010-02-22,22.38197326660156,22.38197326660156,22.06723976135254,22.281831741333008,4038123,A,False,2010-02-22
2010-02-23,22.23891258239746,22.28898429870605,21.838340759277344,22.06723976135254,4366373,A,False,2010-02-23
2010-02-24,22.153076171875,22.34620857238769,22.074392318725582,22.33905601501465,3945855,A,False,2010-02-24
2010-02-25,22.06008529663086,22.26752471923828,21.623748779296875,22.23891258239746,4778504,A,False,2010-02-25
2010-02-26,22.2961368560791,22.54649543762207,22.160228729248047,22.503576278686523,4678127,A,False,2010-02-26
2010-03-01,22.48211669921875,22.982833862304688,22.48211669921875,22.954219818115234,4723562,A,False,2010-03-01
2010-03-03,23.104434967041016,23.27610969543457,23.104434967041016,23.204578399658203,12437866,,False,2010-03-03
2010-03-04,23.218883514404297,23.218883514404297,22.77539253234864,23.075822830200195,6100173,A,False,2010-03-04
2010-03-08,23.48354721069336,23.78397750854492,23.476394653320312,23.60515022277832,14713111,,False,2010-03-08
2010-03-09,23.555078506469727,23.84120178222656,23.51215934753418,23.798282623291016,7083386,A,False,2010-03-09
2010-03-11,23.78397750854492,24.14163017272949,23.78397750854492,24.020029067993164,8639081,,False,2010-03-11
2010-03-12,24.048641204833984,24.15593719482422,23.84120178222656,23.90557861328125,4015755,A,False,2010-03-12
2010-03-15,23.83404922485352,23.962804794311523,23.63376235961914,23.82689666748047,3619282,A,False,2010-03-15
2010-03-16,23.88412094116211,24.020029067993164,23.76251792907715,23.90557861328125,3285999,A,False,2010-03-16
2010-03-17,23.919885635375977,24.06294631958008,23.83404922485352,23.87696647644043,3926003,A,False,2010-03-17
2010-03-22,23.81974220275879,24.020029067993164,23.669527053833008,24.020029067993164,14323908,,False,2010-03-22
2010-03-24,24.22031593322754,24.470672607421875,24.22031593322754,24.248926162719727,8987323,,False,2010-03-24
2010-03-30,24.6423454284668,24.856937408447266,24.6423454284668,24.76394844055176,23005209,,False,2010-03-30
2010-04-01,24.713876724243164,24.735336303710938,24.49928474426269,24.713876724243164,8398485,,False,2010-04-01
2010-04-05,24.742488861083984,24.921316146850582,24.70672416687012,24.90700912475586,3731961,A,False,2010-04-05
2010-04-06,24.778255462646484,24.81402015686035,24.620887756347656,24.72102928161621,3499054,A,False,2010-04-06
2010-04-07,24.656652450561523,24.713876724243164,24.413448333740234,24.52789688110352,3269503,A,False,2010-04-07
2010-04-08,24.39198875427246,24.427753448486328,23.99856948852539,24.313304901123047,4199872,A,False,2010-04-08
2010-04-09,24.34906959533692,24.4849796295166,24.227468490600582,24.4849796295166,3908668,A,False,2010-04-09
2010-04-12,24.470672607421875,24.556509017944336,24.34906959533692,24.470672607421875,4134585,A,False,2010-04-12
2010-04-13,24.427753448486328,24.4849796295166,24.23462104797364,24.248926162719727,3616486,A,False,2010-04-13
2010-04-14,24.277538299560547,24.74964141845703,24.277538299560547,24.613733291625977,11638210,A,False,2010-04-14
2010-04-16,25.08583641052246,25.68669509887696,25.08583641052246,25.22889709472656,20854804,,False,2010-04-16
2010-04-19,25.27897071838379,25.350500106811523,24.78540802001953,25.15021514892578,4006388,A,False,2010-04-19
2010-04-22,25.60085868835449,26.09442138671875,25.60085868835449,26.065807342529297,14794334,,False,2010-04-22
2010-04-23,26.03004264831543,26.23748207092285,25.822603225708008,26.20886993408203,3653673,A,False,2010-04-23
2010-04-26,26.230329513549805,26.459226608276367,26.087268829345703,26.33762550354004,3953544,A,False,2010-04-26
2010-04-28,26.18025779724121,26.35908317565918,25.84406280517578,26.20886993408203,10481785,,False,2010-04-28
2010-04-30,26.416309356689453,26.773963928222656,26.36623764038086,26.36623764038086,7433027,,False,2010-04-30
2010-05-03,26.108726501464844,26.38769721984864,26.015737533569336,26.30186080932617,2599162,A,False,2010-05-03
2010-05-04,26.008583068847656,26.008583068847656,25.121601104736328,25.293275833129883,4539446,A,False,2010-05-04
2010-05-05,24.978540420532227,25.257511138916016,24.6423454284668,24.864091873168945,4609905,A,False,2010-05-05
2010-05-07,23.805435180664062,23.805435180664062,21.93132972717285,22.796852111816406,20181667,,False,2010-05-07
2010-05-10,23.733905792236328,24.47782516479492,23.59799766540528,24.45636558532715,5671826,A,False,2010-05-10
2010-05-11,24.0915584564209,24.69241714477539,23.94134521484375,24.370529174804688,4720207,A,False,2010-05-11
2010-05-12,24.434907913208008,25.02861213684082,24.413448333740234,24.89985656738281,3972836,A,False,2010-05-12
2010-05-13,24.91416358947754,25.24320411682129,24.628040313720703,24.878398895263672,6149942,A,False,2010-05-13
2010-05-17,24.599428176879883,24.678112030029297,23.919885635375977,24.45636558532715,10550426,,False,2010-05-17
2010-05-19,23.42632293701172,23.42632293701172,22.768239974975582,23.31187438964844,23720705,,False,2010-05-19
2010-05-20,22.69671058654785,22.846923828125,22.174535751342773,22.2031478881836,6588634,A,False,2010-05-20
2010-05-24,21.68812561035156,22.61802673339844,21.58798217773437,22.460657119750977,13550814,,False,2010-05-24
2010-05-25,21.81688117980957,22.353361129760746,21.437768936157227,22.34620857238769,5348189,A,False,2010-05-25
2010-05-26,22.539342880249023,23.06867027282715,22.43919944763184,22.525035858154297,5328896,A,False,2010-05-26
2010-05-27,23.04005622863769,23.44778251647949,22.96852684020996,23.42632293701172,3739091,A,False,2010-05-27
2010-05-28,23.43347549438477,23.49785423278809,23.004291534423828,23.14735221862793,3430692,A,False,2010-05-28
2010-06-01,22.954219818115234,23.15450668334961,22.474964141845703,22.51788330078125,3883085,A,False,2010-06-01
2010-06-02,22.675249099731445,23.04721069335937,22.360515594482425,23.04721069335937,3572170,A,False,2010-06-02
2010-06-03,23.13304710388184,23.283262252807617,22.854076385498047,23.175966262817383,3770965,A,False,2010-06-03
2010-06-04,22.61087226867676,22.682403564453125,21.60944175720215,21.70243263244629,6045931,A,False,2010-06-04
2010-06-07,21.838340759277344,21.952789306640625,21.50929832458496,21.53075790405273,5700625,A,False,2010-06-07
2010-06-08,21.58798217773437,21.72389030456543,20.965665817260746,21.34477806091309,8392054,A,False,2010-06-08
2010-06-09,21.44492149353028,21.7954216003418,21.03004264831543,21.11587905883789,6052082,A,False,2010-06-09
2010-06-10,21.473533630371094,21.802574157714844,21.29470634460449,21.781116485595703,4699657,A,False,2010-06-10
2010-06-11,21.494993209838867,22.017166137695312,21.494993209838867,21.981401443481445,2706528,A,False,2010-06-11
2010-06-14,22.274677276611328,22.889842987060547,22.14592361450196,22.503576278686523,5820992,A,False,2010-06-14
2010-06-15,22.74678039550781,23.04721069335937,22.56795310974121,23.03290367126465,3576503,A,False,2010-06-15
2010-06-16,22.8826904296875,23.44778251647949,22.73962783813477,23.34048652648925,4280816,A,False,2010-06-16
2010-06-17,23.46208953857422,23.46208953857422,22.90414810180664,23.226036071777344,3175138,A,False,2010-06-17
2010-06-21,23.283262252807617,23.869813919067383,23.175966262817383,23.19742584228516,7824326,,False,2010-06-21
2010-06-22,23.18311882019043,23.54792594909668,22.8826904296875,22.90414810180664,2854856,A,False,2010-06-22
2010-06-23,22.947067260742188,23.12589454650879,22.51788330078125,22.868383407592773,3223229,A,False,2010-06-23
2010-06-24,22.69671058654785,22.832618713378903,21.91702461242676,22.00286102294922,5806453,A,False,2010-06-24
2010-06-25,22.1173095703125,22.19599342346192,21.773963928222656,21.952789306640625,5359792,A,False,2010-06-25
2010-06-28,21.90987014770508,22.074392318725582,21.666667938232425,21.87410545349121,3104399,A,False,2010-06-28
2010-06-29,21.48068618774414,21.59513664245605,20.736766815185547,20.89413452148437,6626240,A,False,2010-06-29
2010-06-30,20.858369827270508,21.09442138671875,20.257511138916016,20.33619499206543,5267804,A,False,2010-06-30
2010-07-02,20.30758285522461,20.30758285522461,19.628040313720703,19.878398895263672,11627446,,False,2010-07-02
2010-07-06,20.27897071838379,20.436338424682617,19.69241714477539,19.84978485107422,5281924,A,False,2010-07-06
2010-07-07,19.878398895263672,20.48640823364257,19.828325271606445,20.436338424682617,4614518,A,False,2010-07-07
2010-07-09,20.57939910888672,20.708154678344727,20.350500106811523,20.49356269836425,8434693,,False,2010-07-09
2010-07-12,20.39341926574707,20.54363441467285,20.0500717163086,20.171674728393555,5240123,A,False,2010-07-12
2010-07-13,20.36480712890625,20.708154678344727,20.32904052734375,20.565092086791992,5721874,A,False,2010-07-13
2010-07-14,20.472103118896484,20.922746658325195,20.443490982055664,20.52217483520508,5884462,A,False,2010-07-14
2010-07-15,20.472103118896484,20.5507869720459,20.121601104736328,20.314735412597656,5779052,A,False,2010-07-15
2010-07-19,19.8211727142334,19.8211727142334,19.29184532165528,19.69957160949707,16793894,,False,2010-07-19
2010-07-20,19.33476448059082,19.70672416687012,19.1273250579834,19.685264587402344,6096818,A,False,2010-07-20
2010-07-21,19.799713134765625,20.171674728393555,19.60658073425293,19.72818374633789,6225154,A,False,2010-07-21
2010-07-22,19.99284744262696,20.65093040466309,19.99284744262696,20.54363441467285,5102001,A,False,2010-07-22
2010-07-23,20.42918586730957,21.03719520568848,20.350500106811523,20.958511352539062,5194129,A,False,2010-07-23
2010-07-27,20.901287078857425,21.266094207763672,20.822603225708008,20.822603225708008,7642587,,False,2010-07-27
2010-07-28,20.59370422363281,20.93705368041992,20.557939529418945,20.58655166625977,4355749,A,False,2010-07-28
2010-07-29,20.722461700439453,20.851215362548828,19.871244430541992,20.13590812683105,6163223,A,False,2010-07-29
2010-07-30,19.871244430541992,20.15021514892578,19.78540802001953,19.978540420532227,5164771,A,False,2010-07-30
2010-08-02,20.27897071838379,20.722461700439453,20.171674728393555,20.61516571044922,4052383,A,False,2010-08-02
2010-08-03,20.46495056152344,20.5507869720459,19.88555145263672,19.91416358947754,5927800,A,False,2010-08-03
2010-08-04,19.92846870422364,20.27897071838379,19.84978485107422,20.23605155944824,3288935,A,False,2010-08-04
2010-08-05,20.0500717163086,20.47925567626953,20.0,20.357654571533203,2891483,A,False,2010-08-05
2010-08-06,20.157367706298828,20.565092086791992,20.07868385314941,20.5507869720459,4722164,A,False,2010-08-06
2010-08-10,20.83691024780273,21.36623764038086,20.83691024780273,21.072961807250977,10031629,,False,2010-08-10
2010-08-11,20.64377784729004,20.672388076782227,20.014305114746094,20.18597984313965,3952426,A,False,2010-08-11
2010-08-13,19.778255462646484,19.871244430541992,19.52789688110352,19.563661575317383,7973773,,False,2010-08-13
2010-08-16,19.39198875427246,19.799713134765625,19.313304901123047,19.427753448486328,4635908,A,False,2010-08-16
2010-08-17,20.565092086791992,21.12303352355957,20.32904052734375,20.94420623779297,10206518,A,False,2010-08-17
2010-08-18,20.97997093200684,21.21602249145508,20.793991088867188,21.05865478515625,4255512,A,False,2010-08-18
2010-08-19,20.922746658325195,20.92989921569824,20.18597984313965,20.414878845214844,4729853,A,False,2010-08-19
2010-08-23,20.21459197998047,20.500715255737305,19.97138786315918,20.0,9082386,,False,2010-08-23
2010-08-25,19.685264587402344,19.79256057739257,19.08440589904785,19.79256057739257,10211551,,False,2010-08-25
2010-08-26,19.94277572631836,20.121601104736328,19.66380500793457,19.678112030029297,4125778,A,False,2010-08-26
2010-08-27,19.806867599487305,20.06437873840332,19.33476448059082,20.0,4677708,A,False,2010-08-27
2010-08-30,19.864091873168945,20.157367706298828,19.799713134765625,19.799713134765625,3624874,A,False,2010-08-30
2010-08-31,19.72102928161621,19.742488861083984,19.134477615356445,19.29184532165528,7467417,A,False,2010-08-31
2010-09-01,19.63519287109375,20.350500106811523,19.620887756347656,20.23605155944824,5088580,A,False,2010-09-01
2010-09-02,20.36480712890625,20.922746658325195,20.27897071838379,20.89413452148437,3802979,A,False,2010-09-02
2010-09-03,21.09442138671875,21.45207405090332,21.09442138671875,21.351930618286133,3164932,A,False,2010-09-03
2010-09-07,21.23748207092285,21.251787185668945,20.708154678344727,20.736766815185547,3085805,A,False,2010-09-07
2010-09-08,20.801143646240234,20.91559410095215,20.59370422363281,20.629470825195312,3923627,A,False,2010-09-08
2010-09-09,20.922746658325195,21.022890090942383,20.68669509887696,20.69384765625,2937198,A,False,2010-09-09
2010-09-10,20.708154678344727,20.8726749420166,20.54363441467285,20.679542541503903,2481031,A,False,2010-09-10
2010-09-13,20.9084415435791,21.072961807250977,20.708154678344727,20.83691024780273,4135424,A,False,2010-09-13
2010-09-14,20.75822639465332,21.00143051147461,20.49356269836425,20.865522384643555,3676740,A,False,2010-09-14
2010-09-15,20.851215362548828,21.18025779724121,20.565092086791992,21.03719520568848,5233972,A,False,2010-09-15
2010-09-16,20.987123489379883,21.6022891998291,20.92989921569824,21.48784065246582,6245285,A,False,2010-09-16
2010-09-17,21.68812561035156,22.12446403503418,21.60944175720215,21.85264778137207,6663148,A,False,2010-09-17
2010-09-20,22.017166137695312,22.274677276611328,21.866952896118164,22.19599342346192,5145479,A,False,2010-09-20
2010-09-22,22.160228729248047,22.417739868164062,22.024320602416992,22.024320602416992,9475085,,False,2010-09-22
2010-09-23,21.809728622436523,22.110157012939453,21.709585189819336,21.85980033874512,3913841,A,False,2010-09-23
2010-09-27,22.66094398498535,23.004291534423828,22.66094398498535,22.889842987060547,8950835,,False,2010-09-27
2010-09-28,22.861230850219727,23.204578399658203,22.682403564453125,23.13304710388184,3996742,A,False,2010-09-28
2010-09-29,22.96137237548828,23.36194610595703,22.96137237548828,23.30472183227539,4729015,A,False,2010-09-29
2010-09-30,23.44062805175781,23.991416931152344,23.347639083862305,23.869813919067383,8493689,A,False,2010-09-30
2010-10-01,24.09871292114257,24.52074432373047,23.88412094116211,24.1273250579834,8238554,A,False,2010-10-01
2010-10-05,23.88412094116211,23.88412094116211,23.161659240722656,23.63376235961914,12740534,,False,2010-10-05
2010-10-06,23.61945533752441,23.69098663330078,23.09728240966797,23.36909866333008,4522250,A,False,2010-10-06
2010-10-07,23.555078506469727,23.977109909057617,23.49070167541504,23.74821281433105,5224606,A,False,2010-10-07
2010-10-08,23.7553653717041,24.263233184814453,23.59799766540528,24.177396774291992,4003033,A,False,2010-10-08
2010-10-11,24.15593719482422,24.29899978637696,23.99856948852539,24.14163017272949,2680246,A,False,2010-10-11
2010-10-12,24.041488647460938,24.263233184814453,23.812589645385746,24.0915584564209,4812196,A,False,2010-10-12
2010-10-14,24.341917037963867,24.66380500793457,24.341917037963867,24.4849796295166,8544017,,False,2010-10-14
2010-10-15,24.74964141845703,24.84978485107422,24.37768173217773,24.66380500793457,3888817,A,False,2010-10-15
2010-10-18,24.67095947265625,24.871244430541992,24.413448333740234,24.79256057739257,2889666,A,False,2010-10-18
2010-10-19,24.413448333740234,24.64949989318848,24.00572204589844,24.33476448059082,5580676,A,False,2010-10-19
2010-10-20,24.42060089111328,24.92846870422364,24.38483428955078,24.79256057739257,3486612,A,False,2010-10-20
2010-10-22,24.88555145263672,25.035764694213867,24.69241714477539,24.856937408447266,7798044,,False,2010-10-22
2010-10-25,25.05722427368164,25.15021514892578,24.856937408447266,24.964235305786133,3706098,A,False,2010-10-25
2010-10-26,24.77110290527344,25.035764694213867,24.60658073425293,24.89270401000977,4473740,A,False,2010-10-26
2010-10-27,24.66380500793457,24.864091873168945,24.44206047058105,24.742488861083984,2316206,A,False,2010-10-27
2010-10-29,25.128755569458008,25.27181625366211,24.76394844055176,24.89270401000977,6053200,,False,2010-10-29
2010-11-01,24.99284744262696,25.121601104736328,24.59227561950684,24.856937408447266,2885472,A,False,2010-11-01
2010-11-03,25.021459579467773,25.23605155944824,24.878398895263672,25.11444854736328,6282891,,False,2010-11-03
2010-11-04,25.39341926574707,25.77968406677246,25.32904052734375,25.7439193725586,3856663,A,False,2010-11-04
2010-11-05,25.7296142578125,26.03719520568848,25.64377784729004,26.022890090942383,3263212,A,False,2010-11-05
2010-11-08,25.858369827270508,26.022890090942383,25.63662338256836,25.87982749938965,2605732,A,False,2010-11-08
2010-11-09,25.87982749938965,25.87982749938965,25.207439422607425,25.379112243652344,4461158,A,False,2010-11-09
2010-11-11,25.36480712890625,25.50786781311035,24.66380500793457,25.50786781311035,9936145,,False,2010-11-11
2010-11-15,25.679542541503903,26.85980033874512,25.58655166625977,25.89413452148437,16642630,,False,2010-11-15
2010-11-17,25.28612327575684,25.28612327575684,24.89270401000977,25.18597984313965,10781236,,False,2010-11-17
2010-11-18,25.49356269836425,26.03719520568848,25.407724380493164,25.91559410095215,4135144,A,False,2010-11-18
2010-11-19,25.8726749420166,26.087268829345703,25.59370422363281,26.080114364624023,2985289,A,False,2010-11-19
2010-11-22,25.858369827270508,26.15879821777344,25.60801124572754,25.951358795166016,3195828,A,False,2010-11-22
2010-11-23,25.65093040466309,25.65093040466309,25.121601104736328,25.34334754943848,3200302,A,False,2010-11-23
2010-11-24,25.47925567626953,26.05865478515625,25.42203140258789,25.99427795410156,3026530,A,False,2010-11-24
2010-11-26,25.722461700439453,26.065807342529297,25.58655166625977,26.00143051147461,1094634,A,False,2010-11-26
2010-11-29,25.715307235717773,25.75822639465332,25.257511138916016,25.500715255737305,4813034,A,False,2010-11-29
2010-11-30,25.20028686523437,25.321887969970703,25.02861213684082,25.0500717163086,6086612,A,False,2010-11-30
2010-12-01,25.500715255737305,25.858369827270508,25.472103118896484,25.83691024780273,5770804,A,False,2010-12-01
2010-12-02,25.736766815185547,26.351930618286133,25.672388076782227,26.266094207763672,4237338,A,False,2010-12-02
2010-12-06,26.50214576721192,26.888412475585938,26.50214576721192,26.559371948242188,6874665,,False,2010-12-06
2010-12-07,26.888412475585938,27.09585189819336,26.824033737182617,26.88125991821289,5754727,A,False,2010-12-07
2010-12-08,26.888412475585938,27.010013580322266,26.566524505615234,26.93848419189453,4697140,A,False,2010-12-08
2010-12-09,27.074392318725582,27.224607467651367,27.017166137695312,27.21745491027832,4770395,A,False,2010-12-09
2010-12-10,27.18168830871582,27.825464248657227,27.18168830871582,27.56795310974121,7753308,A,False,2010-12-10
2010-12-13,27.56795310974121,27.96137237548828,27.417739868164062,27.682403564453125,6566406,A,False,2010-12-13
2010-12-14,27.75393486022949,28.06151580810547,27.73962783813477,27.825464248657227,4478074,A,False,2010-12-14
2010-12-15,27.90414810180664,28.03290367126465,27.510730743408203,27.525035858154297,4601797,A,False,2010-12-15
2010-12-16,27.61802673339844,28.44778251647949,27.525035858154297,28.42632293701172,6021885,A,False,2010-12-16
2010-12-17,28.44062805175781,29.320457458496094,28.319026947021484,28.99856948852539,9358631,A,False,2010-12-17
2010-12-20,28.68383407592773,29.0915584564209,28.226036071777344,29.06294631958008,5625133,A,False,2010-12-20
2010-12-22,29.077253341674805,29.370529174804688,28.984262466430664,29.370529174804688,8903722,,False,2010-12-22
2010-12-27,29.263233184814453,30.08583641052246,29.263233184814453,29.985694885253903,7498452,,False,2010-12-27
2010-12-29,29.99284744262696,30.100143432617188,29.69241714477539,29.8211727142334,6898990,,False,2010-12-29
2010-12-30,29.78540802001953,29.93562126159668,29.64949989318848,29.74964141845703,2217228,A,False,2010-12-30
2010-12-31,29.63519287109375,29.828325271606445,29.49928474426269,29.63519287109375,2050726,A,False,2010-12-31
2011-01-03,29.72818374633789,30.14306259155273,29.620887756347656,29.95708274841309,4994075,A,False,2011-01-03
2011-01-04,30.035764694213867,30.11444854736328,29.45636558532715,29.678112030029297,5017282,A,False,2011-01-04
2011-01-05,29.513591766357425,29.84978485107422,29.327611923217773,29.613733291625977,4519035,A,False,2011-01-05
2011-01-06,29.59227561950684,29.92846870422364,29.47782516479492,29.67095947265625,4699097,A,False,2011-01-06
2011-01-07,29.69957160949707,29.89985656738281,29.35622215270996,29.77110290527344,3810948,A,False,2011-01-07
2011-01-10,29.620887756347656,30.557939529418945,29.54220390319824,30.20028686523437,4397968,A,False,2011-01-10
2011-01-11,30.414878845214844,30.97997093200684,30.314735412597656,30.715307235717773,4635069,A,False,2011-01-11
2011-01-12,30.901287078857425,31.051502227783203,30.7296142578125,30.851215362548828,3443554,A,False,2011-01-12
2011-01-14,30.672388076782227,30.922746658325195,30.58655166625977,30.922746658325195,5441296,,False,2011-01-14
2011-01-18,31.022890090942383,31.7954216003418,30.987123489379883,31.72389030456543,4168277,A,False,2011-01-18
2011-01-19,31.63090133666992,31.68097305297852,30.23605155944824,30.350500106811523,6341747,A,False,2011-01-19
2011-01-20,30.007152557373047,30.45779609680176,29.656652450561523,30.25035858154297,6814970,A,False,2011-01-20
2011-01-24,30.40057182312012,30.94420623779297,30.09299087524414,30.59370422363281,7090796,,False,2011-01-24
2011-01-25,30.59370422363281,31.130186080932617,30.24320411682129,30.536481857299805,4379654,A,False,2011-01-25
2011-01-26,30.629470825195312,30.736766815185547,30.071531295776367,30.45064353942871,5490505,A,False,2011-01-26
2011-01-27,30.59370422363281,30.822603225708008,30.30758285522461,30.36480712890625,4459201,A,False,2011-01-27
2011-01-31,29.921316146850582,29.921316146850582,29.24177360534668,29.921316146850582,10234478,,False,2011-01-31
2011-02-01,30.09299087524414,30.54363441467285,29.99284744262696,30.07868385314941,4736843,A,False,2011-02-01
2011-02-02,29.864091873168945,29.978540420532227,29.19885635375977,29.49213218688965,5551178,A,False,2011-02-02
2011-02-03,29.277538299560547,29.45636558532715,28.776824951171875,29.320457458496094,4924874,A,False,2011-02-03
2011-02-04,29.406295776367188,30.851215362548828,29.284692764282227,30.75107383728028,7265126,A,False,2011-02-04
2011-02-07,31.080114364624023,31.952789306640625,31.022890090942383,31.78826904296875,6388720,A,False,2011-02-07
2011-02-08,31.93848419189453,31.981401443481445,31.351930618286133,31.59513664245605,5220971,A,False,2011-02-08
2011-02-09,31.48068618774414,31.59513664245605,30.8726749420166,31.065807342529297,5283601,A,False,2011-02-09
2011-02-10,30.91559410095215,31.48068618774414,30.45064353942871,31.473533630371094,4579568,A,False,2011-02-10
2011-02-11,31.30901336669922,32.296138763427734,31.223175048828125,32.203147888183594,6201668,A,False,2011-02-11
2011-02-14,32.1888427734375,32.4892692565918,31.988555908203125,32.03862762451172,4865320,A,False,2011-02-14
2011-02-16,31.18741035461425,31.18741035461425,30.500715255737305,31.165950775146484,16058686,,False,2011-02-16
2011-02-17,31.03004264831543,31.473533630371094,30.77253150939941,31.416309356689453,3665276,A,False,2011-02-17
2011-02-18,31.36623764038086,31.68097305297852,31.223175048828125,31.416309356689453,6137639,A,False,2011-02-18
2011-02-22,30.951358795166016,31.29470634460449,30.321887969970703,30.39341926574707,5792893,A,False,2011-02-22
2011-02-24,29.72102928161621,29.72102928161621,28.569385528564453,29.434907913208008,16118521,,False,2011-02-24
2011-02-25,29.470672607421875,30.33619499206543,29.42060089111328,30.30042839050293,6007765,A,False,2011-02-25
2011-02-28,30.350500106811523,30.50786781311035,29.58512115478516,30.100143432617188,4292279,A,False,2011-02-28
2011-03-01,30.02861213684082,30.39341926574707,29.077253341674805,29.09871292114257,5719777,A,False,2011-03-01
2011-03-02,29.020029067993164,29.735336303710938,28.869813919067383,29.656652450561523,4721465,A,False,2011-03-02
2011-03-03,30.128755569458008,30.858369827270508,30.128755569458008,30.629470825195312,6092484,A,False,2011-03-03
2011-03-08,32.67525100708008,33.48354721069336,32.67525100708008,32.8826904296875,34464894,,False,2011-03-08
2011-03-10,32.65378952026367,32.69670867919922,31.90271759033203,32.103004455566406,11657922,,False,2011-03-10
2011-03-14,32.238914489746094,32.48211669921875,31.402002334594727,32.07439041137695,14126651,,False,2011-03-14
2011-03-15,31.008583068847656,31.59513664245605,30.45779609680176,31.34477806091309,9660599,A,False,2011-03-15
2011-03-17,31.1015739440918,31.1015739440918,29.94277572631836,30.36480712890625,13132533,,False,2011-03-17
2011-03-18,30.851215362548828,31.2446346282959,30.529327392578125,30.715307235717773,5429273,A,False,2011-03-18
2011-03-21,31.130186080932617,31.73819732666016,31.09442138671875,31.437768936157227,4382311,A,False,2011-03-21
2011-03-23,31.36623764038086,31.36623764038086,30.57939910888672,31.23748207092285,8639640,,False,2011-03-23
2011-03-24,31.473533630371094,31.552217483520508,31.080114364624023,31.409156799316406,3846597,A,False,2011-03-24
2011-03-25,31.48068618774414,31.831186294555664,31.2804012298584,31.50214576721192,2914411,A,False,2011-03-25
2011-03-28,31.645206451416016,31.952789306640625,31.380544662475582,31.44492149353028,4169815,A,False,2011-03-28
2011-03-29,31.430614471435547,31.91702461242676,31.12303352355957,31.87410545349121,3209389,A,False,2011-03-29
2011-03-30,32.03862762451172,32.31044387817383,31.93848419189453,32.25321960449219,3514712,A,False,2011-03-30
2011-03-31,32.13161849975586,32.203147888183594,31.802574157714844,32.03147506713867,3068470,A,False,2011-03-31
2011-04-01,32.103004455566406,32.532188415527344,32.03147506713867,32.28898239135742,3092795,A,False,2011-04-01
2011-04-04,32.238914489746094,32.48211669921875,31.73104476928711,32.067237854003906,2983192,A,False,2011-04-04
2011-04-05,32.010013580322266,32.54649353027344,31.90987014770508,32.43204498291016,4385246,A,False,2011-04-05
2011-04-06,32.55364990234375,32.68955612182617,31.988555908203125,32.396278381347656,3287956,A,False,2011-04-06
2011-04-07,32.353363037109375,32.50357818603516,31.659513473510746,32.09585189819336,2939155,A,False,2011-04-07
2011-04-08,32.32474899291992,32.66809844970703,32.02431869506836,32.11015701293945,2798097,A,False,2011-04-08
2011-04-12,32.045780181884766,32.44635009765625,31.67382049560547,32.14592361450195,6081859,,False,2011-04-12
2011-04-14,32.625179290771484,33.42632293701172,32.625179290771484,33.354793548583984,13627005,,False,2011-04-14
2011-04-15,33.340484619140625,34.320457458496094,33.14020156860352,33.97711181640625,6851598,A,False,2011-04-15
2011-04-19,33.47639465332031,33.47639465332031,32.41773986816406,33.433475494384766,12526220,,False,2011-04-19
2011-04-20,33.96280288696289,34.928470611572266,33.9127311706543,34.79256057739258,5067750,A,False,2011-04-20
2011-04-21,35.0,35.33619689941406,34.892704010009766,35.29327774047852,4284171,A,False,2011-04-21
2011-04-25,35.11444854736328,35.17882537841797,34.31330490112305,34.46352005004883,4669040,A,False,2011-04-25
2011-04-27,35.20743942260742,35.93705368041992,35.20743942260742,35.78683853149414,10515476,,False,2011-04-27
2011-04-28,35.65092849731445,36.15164566040039,35.51502227783203,35.99427795410156,3151511,A,False,2011-04-28
2011-04-29,35.97997283935547,36.25178909301758,35.643775939941406,35.70100021362305,3312561,A,False,2011-04-29
2011-05-03,35.94420623779297,36.30901336669922,35.836910247802734,36.19456481933594,6812174,,False,2011-05-03
2011-05-04,36.16595077514648,36.27324676513672,35.15021514892578,35.4077262878418,5215239,A,False,2011-05-04
2011-05-05,35.314735412597656,35.7296142578125,35.06437683105469,35.17167282104492,4840715,A,False,2011-05-05
2011-05-09,35.75822448730469,36.144493103027344,35.379112243652344,35.679542541503906,6444081,,False,2011-05-09
2011-05-11,35.836910247802734,36.294708251953125,35.52217483520508,35.78683853149414,10046307,,False,2011-05-11
2011-05-12,35.65092849731445,36.18741226196289,35.32904052734375,36.00143051147461,5065373,A,False,2011-05-12
2011-05-16,38.67668151855469,39.57796859741211,37.24606704711914,37.42489242553711,21357386,,False,2011-05-16
2011-05-18,36.98140335083008,37.08154678344727,36.34477615356445,37.00286102294922,11872795,,False,2011-05-18
2011-05-19,37.153076171875,37.18168640136719,36.51645278930664,36.59513473510742,7214659,A,False,2011-05-19
2011-05-20,36.587982177734375,36.63090133666992,36.07295989990234,36.26609420776367,4684418,A,False,2011-05-20
2011-05-23,35.62947082519531,35.62947082519531,34.69241714477539,35.12160110473633,5963588,A,False,2011-05-23
2011-05-25,35.22174453735352,35.22174453735352,34.42775344848633,35.06437683105469,10028414,,False,2011-05-25
2011-05-26,34.84978485107422,35.47925567626953,34.778255462646484,35.32904052734375,4569363,A,False,2011-05-26
2011-05-27,35.33619689941406,35.586551666259766,35.17167282104492,35.47925567626953,2993957,A,False,2011-05-27
2011-05-31,35.54363250732422,35.78683853149414,35.20743942260742,35.67238998413086,3694075,A,False,2011-05-31
2011-06-01,35.61516571044922,35.61516571044922,34.24892807006836,34.33476257324219,5815261,A,False,2011-06-01
2011-06-02,34.45636749267578,34.78540802001953,34.234619140625,34.46352005004883,4654921,A,False,2011-06-02
2011-06-06,33.8984260559082,33.97711181640625,33.49785232543945,33.662376403808594,6924154,,False,2011-06-06
2011-06-07,33.9842643737793,34.37052917480469,33.72675323486328,34.12017059326172,5771503,A,False,2011-06-07
2011-06-08,33.991416931152344,34.38483428955078,33.855506896972656,34.14878463745117,6588355,A,False,2011-06-08
2011-06-10,34.42775344848633,35.143062591552734,34.42775344848633,34.470672607421875,10066439,,False,2011-06-10
2011-06-13,34.52074432373047,34.620887756347656,33.69098663330078,33.99856948852539,5627509,A,False,2011-06-13
2011-06-14,34.58512115478516,35.68669509887695,34.48497772216797,35.02861022949219,6710959,A,False,2011-06-14
2011-06-15,34.66380310058594,34.66380310058594,33.79113006591797,33.88412094116211,4896495,A,False,2011-06-15
2011-06-16,33.798282623291016,34.163089752197266,33.17596435546875,33.662376403808594,4245027,A,False,2011-06-16
2011-06-20,34.105865478515625,34.7138786315918,33.83404922485352,34.60658264160156,11317928,,False,2011-06-20
2011-06-22,35.0,35.99427795410156,35.0,35.014305114746094,8138038,,False,2011-06-22
2011-06-27,34.46352005004883,35.15736770629883,33.9341926574707,34.94277572631836,12841049,,False,2011-06-27
2011-06-28,35.071529388427734,36.27324676513672,34.871246337890625,36.10872650146485,4629337,A,False,2011-06-28
2011-06-29,36.33047103881836,36.58082962036133,36.03004455566406,36.18741226196289,4879439,A,False,2011-06-29
2011-06-30,36.15164566040039,37.1888427734375,36.12303161621094,36.55937194824219,4887268,A,False,2011-06-30
2011-07-05,36.68812561035156,37.28898239135742,36.68812561035156,36.95278930664063,6533693,,False,2011-07-05
2011-07-06,36.84549331665039,37.11015701293945,36.66666793823242,37.06723785400391,3521282,A,False,2011-07-06
2011-07-07,37.50357818603516,37.63948440551758,36.88125991821289,37.467811584472656,3384977,A,False,2011-07-07
2011-07-11,35.69384765625,35.69384765625,34.87839889526367,35.11444854736328,15270913,,False,2011-07-11
2011-07-13,34.75679397583008,34.799713134765625,33.76251983642578,34.434906005859375,13149029,,False,2011-07-13
2011-07-14,34.52789688110352,34.52789688110352,33.648067474365234,33.855506896972656,5226563,A,False,2011-07-14
2011-07-15,34.05579376220703,34.05579376220703,33.31187438964844,33.67668151855469,5284859,A,False,2011-07-15
2011-07-18,33.412017822265625,33.447784423828125,32.05293273925781,32.51788330078125,9249308,A,False,2011-07-18
2011-07-20,33.06866836547852,33.67668151855469,33.06866836547852,33.562232971191406,10335134,,False,2011-07-20
2011-07-22,33.719600677490234,33.83404922485352,33.27610778808594,33.540771484375,8832005,,False,2011-07-22
2011-07-25,33.04005813598633,33.41917037963867,32.97568130493164,33.19027328491211,2576654,A,False,2011-07-25
2011-07-26,32.78254699707031,32.94706726074219,31.91702461242676,32.07439041137695,7169783,A,False,2011-07-26
2011-07-27,31.78826904296875,31.78826904296875,30.25035858154297,30.371959686279297,9148232,A,False,2011-07-27
2011-08-01,30.30758285522461,30.60085868835449,28.955650329589844,29.177396774291992,23759010,,False,2011-08-01
2011-08-02,28.862661361694336,29.427753448486328,27.83977127075196,27.854076385498047,7940221,A,False,2011-08-02
2011-08-03,27.954219818115234,28.12589454650879,27.110157012939453,28.04005622863769,6587236,A,False,2011-08-03
2011-08-04,27.77539253234864,27.77539253234864,26.36623764038086,26.402002334594727,8617552,A,False,2011-08-04
2011-08-05,26.895565032958984,27.174535751342773,25.30042839050293,26.17310333251953,12583678,A,False,2011-08-05
2011-08-08,25.357654571533203,25.701000213623047,23.14735221862793,23.290414810180664,13254019,A,False,2011-08-08
2011-08-09,23.798282623291016,24.49213218688965,22.96137237548828,24.470672607421875,11422639,A,False,2011-08-09
2011-08-10,23.83404922485352,24.14163017272949,22.73247528076172,22.78254508972168,14205497,A,False,2011-08-10
2011-08-11,22.975679397583008,25.021459579467773,22.78969955444336,24.685264587402344,11281720,A,False,2011-08-11
2011-08-12,25.0,26.4234619140625,24.613733291625977,25.901287078857425,13183979,A,False,2011-08-12
2011-08-16,26.266094207763672,27.274677276611328,26.065807342529297,26.201717376708984,19855514,,False,2011-08-16
2011-08-17,26.373390197753903,26.645206451416016,25.164520263671875,25.60801124572754,6578289,A,False,2011-08-17
2011-08-18,24.742488861083984,24.75679588317871,22.889842987060547,23.054363250732425,10285366,A,False,2011-08-18
2011-08-19,22.7038631439209,23.43347549438477,22.19599342346192,22.23176002502441,8476493,A,False,2011-08-19
2011-08-23,22.8826904296875,23.03290367126465,21.616594314575195,22.78969955444336,21439588,,False,2011-08-23
2011-08-24,22.78969955444336,23.698139190673828,22.57510757446289,23.66237449645996,7933370,A,False,2011-08-24
2011-08-26,23.912731170654297,25.0,23.290414810180664,24.94277572631836,19761569,,False,2011-08-26
2011-08-29,25.350500106811523,26.36623764038086,25.21459197998047,26.266094207763672,10804862,A,False,2011-08-29
2011-08-30,26.09442138671875,26.523605346679688,25.66523551940918,26.194564819335938,5448705,A,False,2011-08-30
2011-08-31,26.29470634460449,27.224607467651367,26.072961807250977,26.373390197753903,7548641,A,False,2011-08-31
2011-09-01,26.323318481445312,26.716737747192383,25.5150203704834,25.63662338256836,6791204,A,False,2011-09-01
2011-09-02,24.964235305786133,25.09299087524414,24.313304901123047,24.60658073425293,7926660,A,False,2011-09-02
2011-09-06,23.45493507385254,24.34906959533692,22.99713897705078,24.263233184814453,10573214,A,False,2011-09-06
2011-09-07,24.628040313720703,25.679542541503903,24.620887756347656,25.529327392578125,8880655,A,False,2011-09-07
2011-09-08,25.32904052734375,25.40057182312012,24.24177360534668,24.42060089111328,8666062,A,False,2011-09-08
2011-09-09,24.07010078430176,24.69957160949707,23.63376235961914,23.862661361694336,6258566,A,False,2011-09-09
2011-09-12,23.376251220703125,23.991416931152344,22.947067260742188,23.898426055908203,7395839,A,False,2011-09-12
2011-09-13,23.977109909057617,25.035764694213867,23.88412094116211,24.878398895263672,7681451,A,False,2011-09-13
2011-09-16,25.80829811096192,26.75965690612793,25.80829811096192,26.008583068847656,23414123,,False,2011-09-16
2011-09-19,25.32904052734375,25.32904052734375,24.263233184814453,25.007152557373047,8326907,A,False,2011-09-19
2011-09-20,25.28612327575684,26.1015739440918,25.06437873840332,25.071531295776367,6024262,A,False,2011-09-20
2011-09-21,25.100143432617188,25.107295989990234,23.0257511138916,23.06867027282715,11669525,A,False,2011-09-21
2011-09-22,22.23891258239746,22.596567153930664,21.981401443481445,22.38197326660156,8830607,A,False,2011-09-22
2011-09-23,22.174535751342773,23.04721069335937,22.05293273925781,22.66094398498535,6071374,A,False,2011-09-23
2011-09-26,22.918455123901367,23.261802673339844,22.43919944763184,23.168813705444336,7663836,A,False,2011-09-26
2011-09-27,23.898426055908203,24.72102928161621,23.712446212768555,24.00572204589844,6660491,A,False,2011-09-27
2011-09-28,24.07010078430176,24.105865478515625,22.589412689208984,22.63233184814453,6491194,A,False,2011-09-28
2011-09-29,23.24749565124512,23.526466369628903,22.43204689025879,23.261802673339844,6669439,A,False,2011-09-29
2011-09-30,22.768239974975582,23.004291534423828,22.21030044555664,22.353361129760746,5866288,A,False,2011-09-30
2011-10-03,22.103004455566406,22.2031478881836,21.015737533569336,21.03004264831543,7265266,A,False,2011-10-03
2011-10-04,20.65093040466309,22.19599342346192,20.50786781311035,22.18168830871582,7549200,A,False,2011-10-04
2011-10-05,22.26752471923828,23.011444091796875,21.959943771362305,22.975679397583008,6863481,A,False,2011-10-05
2011-10-06,22.868383407592773,24.00572204589844,22.49642372131348,23.991416931152344,7000066,A,False,2011-10-06
2011-10-07,23.104434967041016,23.347639083862305,21.766809463500977,22.43919944763184,11309261,A,False,2011-10-07
2011-10-10,22.98998641967773,23.927038192749023,22.90414810180664,23.82689666748047,5389290,A,False,2011-10-10
2011-10-11,23.51215934753418,24.399141311645508,23.290414810180664,24.2703857421875,5474009,A,False,2011-10-11
2011-10-12,24.470672607421875,24.735336303710938,23.89127349853516,24.163089752197266,10626757,A,False,2011-10-12
2011-10-13,23.84120178222656,23.898426055908203,22.811159133911133,23.226036071777344,11806529,A,False,2011-10-13
2011-10-14,23.7195987701416,23.99856948852539,23.61945533752441,23.84835433959961,8137059,A,False,2011-10-14
2011-10-18,23.61945533752441,23.934192657470703,22.98998641967773,23.934192657470703,15449019,,False,2011-10-18
2011-10-20,23.82689666748047,24.21316146850586,23.49070167541504,24.1273250579834,11621854,,False,2011-10-20
2011-10-21,24.52074432373047,25.350500106811523,24.470672607421875,25.22889709472656,6025660,A,False,2011-10-21
2011-10-25,25.622318267822266,26.988555908203125,25.622318267822266,25.701000213623047,15911896,,False,2011-10-25
2011-10-26,25.736766815185547,25.793991088867188,24.91416358947754,25.60085868835449,8705206,A,False,2011-10-26
2011-10-27,27.03862762451172,28.898426055908203,26.50929832458496,28.612302780151367,12472816,A,False,2011-10-27
2011-10-28,28.49785423278809,29.36337661743164,28.3977108001709,29.248926162719727,8831725,A,False,2011-10-28
2011-10-31,28.505006790161133,28.5908432006836,26.51645278930664,26.51645278930664,10448512,A,False,2011-10-31
2011-11-01,25.207439422607425,25.793991088867188,24.79256057739257,25.24320411682129,10616692,A,False,2011-11-01
2011-11-02,25.622318267822266,26.14449119567871,25.39341926574707,25.865522384643555,5647361,A,False,2011-11-02
2011-11-03,26.330472946166992,26.78826904296875,25.77968406677246,26.559371948242188,6497485,A,False,2011-11-03
2011-11-04,26.15879821777344,26.50929832458496,25.622318267822266,26.402002334594727,4422713,A,False,2011-11-04
2011-11-07,26.323318481445312,27.074392318725582,26.072961807250977,26.99570846557617,5491064,A,False,2011-11-07
2011-11-08,27.19599342346192,27.74678039550781,26.85980033874512,27.718168258666992,5024692,A,False,2011-11-08
2011-11-10,26.75965690612793,26.81688117980957,25.529327392578125,26.36623764038086,14543394,,False,2011-11-10
2011-11-11,26.895565032958984,27.324750900268555,26.616594314575195,26.7954216003418,5475267,A,False,2011-11-11
2011-11-14,26.559371948242188,27.04578018188477,26.466381072998047,26.85980033874512,3645984,A,False,2011-11-14
2011-11-16,27.153076171875,28.175966262817383,26.616594314575195,27.596567153930664,17430823,,False,2011-11-16
2011-11-17,27.42489242553711,27.582260131835938,26.39484977722168,26.616594314575195,6292118,A,False,2011-11-17
2011-11-18,26.824033737182617,26.824033737182617,26.18741035461425,26.330472946166992,5323444,A,False,2011-11-18
2011-11-21,25.61516571044922,25.7439193725586,24.949928283691406,25.60085868835449,5598850,A,False,2011-11-21
2011-11-22,25.47925567626953,25.83691024780273,25.06437873840332,25.45064353942871,3709313,A,False,2011-11-22
2011-11-23,25.04291725158692,25.121601104736328,24.03433418273925,24.03433418273925,5950447,A,False,2011-11-23
2011-11-25,23.90557861328125,24.59227561950684,23.76251792907715,24.19885635375977,3196247,A,False,2011-11-25
2011-11-29,25.128755569458008,25.66523551940918,24.92846870422364,25.0500717163086,8245684,,False,2011-11-29
2011-11-30,26.165950775146484,26.959943771362305,26.130186080932617,26.824033737182617,4678687,A,False,2011-11-30
2011-12-02,26.68097305297852,27.596567153930664,26.50214576721192,26.50214576721192,9329833,,False,2011-12-02
2011-12-05,26.84549331665039,27.09585189819336,26.30186080932617,26.50929832458496,4575235,A,False,2011-12-05
2011-12-06,26.559371948242188,26.716737747192383,26.09442138671875,26.45207405090332,3471793,A,False,2011-12-06
2011-12-07,26.230329513549805,26.466381072998047,25.472103118896484,26.223175048828125,4219024,A,False,2011-12-07
2011-12-09,25.379112243652344,25.379112243652344,24.54935646057129,25.27181625366211,9597410,,False,2011-12-09
2011-12-12,24.89985656738281,24.978540420532227,23.84835433959961,24.1273250579834,5470234,A,False,2011-12-12
2011-12-13,24.36337661743164,24.60658073425293,23.583690643310547,23.712446212768555,4265997,A,False,2011-12-13
2011-12-14,23.60515022277832,23.927038192749023,23.254648208618164,23.555078506469727,4577751,A,False,2011-12-14
2011-12-15,23.984262466430664,24.163089752197266,23.74105834960937,23.927038192749023,4477375,A,False,2011-12-15
2011-12-16,24.1273250579834,24.49213218688965,23.79113006591797,23.934192657470703,4365674,A,False,2011-12-16
2011-12-19,24.05579376220703,24.284692764282227,23.705293655395508,23.769670486450195,4984289,A,False,2011-12-19
2011-12-20,24.313304901123047,24.878398895263672,24.284692764282227,24.735336303710938,5132897,A,False,2011-12-20
2011-12-21,24.628040313720703,24.78540802001953,24.21316146850586,24.57796859741211,3751253,A,False,2011-12-21
2011-12-22,24.256080627441406,25.06437873840332,24.256080627441406,24.921316146850582,2636488,A,False,2011-12-22
2011-12-23,24.921316146850582,25.30758285522461,24.81402015686035,25.293275833129883,1936929,A,False,2011-12-23
2011-12-27,25.171674728393555,25.443490982055664,25.15021514892578,25.21459197998047,1954823,A,False,2011-12-27
2011-12-29,25.128755569458008,25.128755569458008,24.33476448059082,25.07868385314941,5235789,,False,2011-12-29
2011-12-30,24.985694885253903,25.40057182312012,24.90700912475586,24.985694885253903,1930918,A,False,2011-12-30
2012-01-03,25.63662338256836,26.459226608276367,25.565092086791992,26.09442138671875,4156394,A,False,2012-01-03
2012-01-04,25.858369827270508,26.008583068847656,25.45779609680176,25.88698005676269,4651845,A,False,2012-01-04
2012-01-05,25.66523551940918,26.69527816772461,25.5507869720459,26.466381072998047,6842651,A,False,2012-01-05
2012-01-06,26.53075790405273,26.866952896118164,26.330472946166992,26.752504348754883,4711400,A,False,2012-01-06
2012-01-09,26.90987014770508,27.48211669921875,26.802574157714844,27.45350456237793,4429563,A,False,2012-01-09
2012-01-10,27.768239974975582,28.19742584228516,27.61802673339844,27.96852684020996,4459620,A,False,2012-01-10
2012-01-13,27.811159133911133,28.04721069335937,27.43919944763184,27.93991470336914,12964353,,False,2012-01-13
2012-01-17,28.44062805175781,28.89127349853516,28.3977108001709,28.60515022277832,5812884,A,False,2012-01-17
2012-01-18,28.612302780151367,29.563661575317383,28.505006790161133,29.52074432373047,4432778,A,False,2012-01-18
2012-01-19,29.59227561950684,30.264663696289062,29.406295776367188,29.93562126159668,4322336,A,False,2012-01-19
2012-01-20,29.878398895263672,29.97138786315918,29.09871292114257,29.327611923217773,5461287,A,False,2012-01-20
2012-01-23,29.24177360534668,29.47782516479492,28.991416931152344,29.327611923217773,4743554,A,False,2012-01-23
2012-01-24,29.2703857421875,30.75107383728028,29.18454933166504,30.472103118896484,7632661,A,False,2012-01-24
2012-01-25,30.66523551940918,31.623748779296875,30.257511138916016,31.50929832458496,6512723,A,False,2012-01-25
2012-01-26,31.666667938232425,32.081546783447266,30.386266708374023,30.5150203704834,8088409,A,False,2012-01-26
2012-01-30,30.314735412597656,30.722461700439453,29.84263229370117,30.722461700439453,7480279,,False,2012-01-30
2012-01-31,30.99427795410156,31.14449119567871,30.264663696289062,30.379112243652344,4697979,A,False,2012-01-31
2012-02-01,30.81545066833496,31.773963928222656,30.736766815185547,31.60944175720215,5801700,A,False,2012-02-01
2012-02-02,31.623748779296875,31.831186294555664,31.230329513549805,31.27324676513672,3112787,A,False,2012-02-02
2012-02-06,31.75965690612793,32.40343475341797,31.69527816772461,31.94563674926757,9047717,,False,2012-02-06
2012-02-07,32.01716613769531,32.103004455566406,31.63090133666992,31.90271759033203,3561265,A,False,2012-02-07
2012-02-09,31.9742488861084,32.4391975402832,31.766809463500977,32.25321960449219,6166019,,False,2012-02-09
2012-02-10,31.645206451416016,31.666667938232425,31.12303352355957,31.57367706298828,3698828,A,False,2012-02-10
2012-02-13,31.96709632873535,31.9742488861084,31.130186080932617,31.35908317565918,4791645,A,False,2012-02-13
2012-02-14,31.287553787231445,31.65236091613769,31.00143051147461,31.316165924072266,3659405,A,False,2012-02-14
2012-02-15,31.831186294555664,31.831186294555664,31.065807342529297,31.21602249145508,3490526,A,False,2012-02-15
2012-02-16,30.75822639465332,31.437768936157227,29.871244430541992,31.351930618286133,9901754,A,False,2012-02-16
2012-02-17,31.50214576721192,31.57367706298828,30.7439193725586,30.858369827270508,5687344,A,False,2012-02-17
2012-02-21,30.951358795166016,31.03004264831543,30.34334754943848,30.47925567626953,3963889,A,False,2012-02-21
2012-02-22,30.436338424682617,30.965665817260746,30.28612327575684,30.557939529418945,3457254,A,False,2012-02-22
2012-02-23,30.565092086791992,31.21602249145508,30.40057182312012,31.051502227783203,3357017,A,False,2012-02-23
2012-02-24,31.137338638305664,31.466381072998047,30.736766815185547,30.77253150939941,4104528,A,False,2012-02-24
2012-02-27,30.5507869720459,31.17310333251953,30.36480712890625,31.008583068847656,2871352,A,False,2012-02-27
2012-02-28,31.11587905883789,31.266094207763672,30.89413452148437,31.20886993408203,2960545,A,False,2012-02-28
2012-03-02,31.330472946166992,31.75965690612793,31.11587905883789,31.27324676513672,10484301,,False,2012-03-02
2012-03-05,31.18741035461425,31.266094207763672,30.436338424682617,30.60085868835449,4990860,A,False,2012-03-05
2012-03-06,30.25035858154297,30.42203140258789,29.964235305786133,30.24320411682129,5251587,A,False,2012-03-06
2012-03-07,30.379112243652344,31.23748207092285,30.27897071838379,31.087268829345703,4884612,A,False,2012-03-07
2012-03-08,31.402002334594727,31.91702461242676,30.8726749420166,31.67382049560547,5349028,A,False,2012-03-08
2012-03-09,31.645206451416016,32.238914489746094,31.645206451416016,31.866952896118164,4278579,A,False,2012-03-09
2012-03-12,31.78826904296875,31.94563674926757,31.03004264831543,31.201717376708984,3690580,A,False,2012-03-12
2012-03-13,31.44492149353028,32.31044387817383,31.30186080932617,32.26752471923828,3270901,A,False,2012-03-13
2012-03-14,32.28898239135742,32.353363037109375,31.94563674926757,32.167381286621094,3831499,A,False,2012-03-14
2012-03-15,32.260372161865234,32.846923828125,32.081546783447266,32.80400466918945,2972148,A,False,2012-03-15
2012-03-16,32.85407638549805,32.90414810180664,32.4391975402832,32.63233184814453,3186601,A,False,2012-03-16
2012-03-19,32.5107307434082,32.68955612182617,32.30329132080078,32.44635009765625,3337445,A,False,2012-03-19
2012-03-20,32.25321960449219,32.296138763427734,31.831186294555664,32.067237854003906,2416723,A,False,2012-03-20
2012-03-21,32.11015701293945,32.27467727661133,31.75965690612793,31.988555908203125,2198495,A,False,2012-03-21
2012-03-23,31.466381072998047,31.466381072998047,30.865522384643555,31.466381072998047,9049533,,False,2012-03-23
2012-03-26,32.09585189819336,32.27467727661133,31.924177169799805,32.224605560302734,4847006,A,False,2012-03-26
2012-03-27,32.224605560302734,33.104434967041016,32.18168640136719,32.66809844970703,5318132,A,False,2012-03-27
2012-03-28,32.4892692565918,32.5250358581543,31.53791046142578,31.895565032958984,4318841,A,False,2012-03-28
2012-03-29,31.54506492614746,31.85264778137207,31.437768936157227,31.802574157714844,3199183,A,False,2012-03-29
2012-03-30,32.01716613769531,32.08869934082031,31.473533630371094,31.838340759277344,3246715,A,False,2012-03-30
2012-04-02,31.838340759277344,32.26752471923828,31.63090133666992,32.09585189819336,3161717,A,False,2012-04-02
2012-04-03,32.00286102294922,32.296138763427734,31.802574157714844,32.067237854003906,3852748,A,False,2012-04-03
2012-04-04,31.716737747192383,31.7954216003418,31.008583068847656,31.287553787231445,3342338,A,False,2012-04-04
2012-04-05,31.230329513549805,32.17453384399414,31.15879821777344,32.02431869506836,6933381,A,False,2012-04-05
2012-04-09,31.566524505615234,31.566524505615234,31.14449119567871,31.15164566040039,5182805,A,False,2012-04-09
2012-04-11,30.801143646240234,30.801143646240234,30.007152557373047,30.379112243652344,9455373,,False,2012-04-11
2012-04-12,30.48640823364257,31.2446346282959,30.40057182312012,31.137338638305664,2185074,A,False,2012-04-12
2012-04-13,30.9084415435791,30.97997093200684,30.1788272857666,30.21459197998047,3344156,A,False,2012-04-13
2012-04-16,30.46495056152344,30.565092086791992,29.89985656738281,30.035764694213867,3447188,A,False,2012-04-16
2012-04-17,30.32904052734375,30.58655166625977,30.27897071838379,30.50786781311035,2901130,A,False,2012-04-17
2012-04-19,30.25035858154297,30.46495056152344,29.72818374633789,29.985694885253903,6205862,,False,2012-04-19
2012-04-20,30.164520263671875,30.672388076782227,30.071531295776367,30.11444854736328,2782859,A,False,2012-04-20
2012-04-23,29.58512115478516,29.613733291625977,29.01287651062012,29.52074432373047,3058824,A,False,2012-04-23
2012-04-24,28.88412094116211,28.9484977722168,28.004291534423828,28.469242095947266,10706443,A,False,2012-04-24
2012-04-25,28.82689666748047,29.67095947265625,28.82689666748047,29.45636558532715,5110808,A,False,2012-04-25
2012-04-26,29.413448333740234,30.09299087524414,29.39198875427246,30.035764694213867,3424121,A,False,2012-04-26
2012-04-27,30.18597984313965,30.52217483520508,29.72818374633789,30.443490982055664,4121164,A,False,2012-04-27
2012-05-02,30.407724380493164,30.951358795166016,30.257511138916016,30.78683853149414,9569310,,False,2012-05-02
2012-05-03,30.865522384643555,30.865522384643555,30.171674728393555,30.19313240051269,2398129,A,False,2012-05-03
2012-05-04,30.15021514892578,30.25035858154297,29.29899978637696,29.33476448059082,3070288,A,False,2012-05-04
2012-05-07,29.0915584564209,29.39198875427246,28.805435180664062,29.227468490600582,3658007,A,False,2012-05-07
2012-05-08,29.077253341674805,29.1273250579834,28.26895523071289,28.805435180664062,5999098,A,False,2012-05-08
2012-05-09,28.36909866333008,28.88412094116211,28.254648208618164,28.562231063842773,6024961,A,False,2012-05-09
2012-05-10,29.048641204833984,29.256080627441406,28.383405685424805,28.42632293701172,3291731,A,False,2012-05-10
2012-05-11,28.27610969543457,28.81974220275879,28.18311882019043,28.218883514404297,5398796,A,False,2012-05-11
2012-05-14,27.80400657653809,28.21173095703125,27.49642372131348,27.825464248657227,5526574,A,False,2012-05-14
2012-05-15,29.263233184814453,29.735336303710938,28.90557861328125,28.977109909057617,9783064,A,False,2012-05-15
2012-05-17,29.0915584564209,29.327611923217773,28.34048652648925,28.347639083862305,11876569,,False,2012-05-17
2012-05-21,28.612302780151367,28.698139190673828,27.625179290771484,28.60515022277832,11106272,,False,2012-05-21
2012-05-22,28.65522193908692,29.470672607421875,28.34048652648925,28.962804794311523,6180139,A,False,2012-05-22
2012-05-23,28.63376235961914,29.341917037963867,28.175966262817383,29.163089752197266,4817788,A,False,2012-05-23
2012-05-24,29.21316146850586,29.434907913208008,28.934192657470703,29.341917037963867,3591182,A,False,2012-05-24
2012-05-25,29.341917037963867,29.656652450561523,29.177396774291992,29.33476448059082,2633552,A,False,2012-05-25
2012-05-29,29.66380500793457,30.22174453735352,29.63519287109375,30.171674728393555,5696570,A,False,2012-05-29
2012-05-30,29.78540802001953,29.78540802001953,29.18454933166504,29.57796859741211,4297871,A,False,2012-05-30
2012-05-31,29.656652450561523,29.77110290527344,28.805435180664062,29.08440589904785,5887258,A,False,2012-05-31
2012-06-01,28.04005622863769,28.21173095703125,27.224607467651367,27.33905601501465,7578698,A,False,2012-06-01
2012-06-05,27.43204689025879,27.60371971130371,26.437768936157227,27.38912773132324,12414939,,False,2012-06-05
2012-06-06,27.7038631439209,28.44778251647949,27.45350456237793,28.44778251647949,5167987,A,False,2012-06-06
2012-06-07,29.00572204589844,29.01287651062012,28.412017822265625,28.583690643310547,6334757,A,False,2012-06-07
2012-06-11,28.34048652648925,28.505006790161133,27.83977127075196,27.8826904296875,7097646,,False,2012-06-11
2012-06-12,27.854076385498047,28.26895523071289,27.57510757446289,28.233190536499023,2518916,A,False,2012-06-12
2012-06-14,28.04005622863769,28.49070167541504,27.80400657653809,28.14735221862793,6109679,,False,2012-06-14
2012-06-18,28.376251220703125,28.74821281433105,28.233190536499023,28.7195987701416,7706335,,False,2012-06-18
2012-06-20,28.9484977722168,29.64949989318848,28.89127349853516,29.07010078430176,8713455,,False,2012-06-20
2012-06-21,29.105865478515625,29.38483428955078,27.918455123901367,27.982833862304688,4337854,A,False,2012-06-21
2012-06-22,28.24034309387207,28.30472183227539,27.446352005004883,27.918455123901367,5137650,A,False,2012-06-22
2012-06-26,27.360515594482425,27.360515594482425,26.73819732666016,27.174535751342773,7692635,,False,2012-06-26
2012-06-27,27.49642372131348,27.6680965423584,27.28898429870605,27.43204689025879,2155436,A,False,2012-06-27
2012-06-28,27.21745491027832,27.281831741333008,26.59513664245605,26.981401443481445,2798097,A,False,2012-06-28
2012-06-29,27.43204689025879,28.111587524414062,27.43204689025879,28.06867027282715,3698828,A,False,2012-06-29
2012-07-02,28.27610969543457,28.33333206176757,27.539342880249023,27.832618713378903,2429025,A,False,2012-07-02
2012-07-03,27.768239974975582,28.419170379638672,27.768239974975582,28.283262252807617,1357039,A,False,2012-07-03
2012-07-05,28.08297538757324,28.49785423278809,27.8969955444336,28.161659240722656,2244489,A,False,2012-07-05
2012-07-06,27.75393486022949,27.77539253234864,26.88125991821289,27.160228729248047,4664287,A,False,2012-07-06
2012-07-10,27.14592361450196,27.36766815185547,26.54506492614746,26.81688117980957,6251297,,False,2012-07-10
2012-07-11,26.78826904296875,26.90987014770508,26.33762550354004,26.6022891998291,2699258,A,False,2012-07-11
2012-07-12,26.38769721984864,26.402002334594727,25.92989921569824,26.12303352355957,4050146,A,False,2012-07-12
2012-07-16,26.165950775146484,26.781116485595703,26.165950775146484,26.34477806091309,7175934,,False,2012-07-16
2012-07-17,26.380544662475582,26.75965690612793,26.108726501464844,26.709585189819336,2887569,A,False,2012-07-17
2012-07-19,27.153076171875,27.74678039550781,27.153076171875,27.510730743408203,6889763,,False,2012-07-19
2012-07-20,27.3319034576416,27.3319034576416,26.781116485595703,26.866952896118164,2571761,A,False,2012-07-20
2012-07-23,26.33762550354004,26.36623764038086,25.94420623779297,26.2446346282959,3074202,A,False,2012-07-23
2012-07-25,26.137338638305664,26.137338638305664,25.264663696289062,25.851215362548828,7880107,,False,2012-07-25
2012-07-26,26.4234619140625,26.824033737182617,26.03719520568848,26.18741035461425,4271449,A,False,2012-07-26
2012-07-27,26.35908317565918,27.281831741333008,26.2446346282959,27.13876914978028,4033789,A,False,2012-07-27
2012-07-30,27.12446403503418,27.39628028869629,26.959943771362305,27.310443878173828,4587257,A,False,2012-07-30
2012-08-01,27.2031478881836,27.7038631439209,27.19599342346192,27.310443878173828,5708313,,False,2012-08-01
2012-08-02,27.110157012939453,27.34620857238769,26.50214576721192,27.00286102294922,3109432,A,False,2012-08-02
2012-08-03,27.56795310974121,28.24034309387207,27.54649543762207,27.975679397583008,2551210,A,False,2012-08-03
2012-08-06,28.419170379638672,28.54077339172364,28.04005622863769,28.06151580810547,2807044,A,False,2012-08-06
2012-08-07,28.14735221862793,29.020029067993164,28.075822830200195,28.79113006591797,3077417,A,False,2012-08-07
2012-08-08,28.81974220275879,29.14163017272949,28.69098663330078,29.08440589904785,2704571,A,False,2012-08-08
2012-08-09,29.01287651062012,29.30615234375,28.927038192749023,29.18454933166504,3063298,A,False,2012-08-09
2012-08-10,28.919885635375977,29.00572204589844,28.49070167541504,28.991416931152344,2739521,A,False,2012-08-10
2012-08-13,28.805435180664062,29.113019943237305,28.7195987701416,28.88412094116211,2601398,A,False,2012-08-13
2012-08-14,29.05579376220703,29.29184532165528,28.79113006591797,28.962804794311523,2788171,A,False,2012-08-14
2012-08-15,28.84835433959961,29.22031593322754,28.469242095947266,28.955650329589844,3967943,A,False,2012-08-15
2012-08-17,26.67382049560547,26.67382049560547,26.29470634460449,26.623748779296875,25406973,,False,2012-08-17
2012-08-20,26.48068618774414,26.59513664245605,26.14449119567871,26.23748207092285,5554254,A,False,2012-08-20
2012-08-21,26.39484977722168,26.616594314575195,26.223175048828125,26.559371948242188,7515508,A,False,2012-08-21
2012-08-22,26.50214576721192,26.809728622436523,26.316165924072266,26.7954216003418,6128273,A,False,2012-08-22
2012-08-23,26.63090133666992,26.866952896118164,26.51645278930664,26.802574157714844,6280096,A,False,2012-08-23
2012-08-27,26.67382049560547,27.188840866088867,26.67382049560547,26.781116485595703,8297689,,False,2012-08-27
2012-09-04,26.63090133666992,26.63090133666992,26.258941650390625,26.50214576721192,25933319,,False,2012-09-04
2012-09-05,26.50929832458496,26.60944175720215,26.194564819335938,26.2804012298584,5695033,A,False,2012-09-05
2012-09-06,26.54506492614746,26.85264778137207,26.258941650390625,26.809728622436523,6688591,A,False,2012-09-06
2012-09-07,26.809728622436523,27.596567153930664,26.659513473510746,27.48211669921875,5579837,A,False,2012-09-07
2012-09-10,27.410587310791016,27.7038631439209,27.21030044555664,27.36766815185547,4021627,A,False,2012-09-10
2012-09-11,27.353361129760746,27.38197326660156,27.06008529663086,27.06008529663086,4093903,A,False,2012-09-11
2012-09-13,27.12446403503418,27.33905601501465,26.59513664245605,27.33905601501465,14098830,,False,2012-09-13
2012-09-18,28.218883514404297,28.712446212768555,28.218883514404297,28.290414810180664,19537749,,False,2012-09-18
2012-09-19,28.27610969543457,28.61945533752441,28.15450668334961,28.526466369628903,4122422,A,False,2012-09-19
2012-09-20,28.290414810180664,28.43347549438477,27.73247528076172,28.06151580810547,6211733,A,False,2012-09-20
2012-09-21,28.27610969543457,28.48354721069336,27.8969955444336,27.8969955444336,4927950,A,False,2012-09-21
2012-09-24,27.80400657653809,27.8969955444336,27.446352005004883,27.675249099731445,2860168,A,False,2012-09-24
2012-09-25,27.796852111816406,27.846923828125,27.403432846069336,27.410587310791016,4954093,A,False,2012-09-25
2012-09-26,27.525035858154297,27.525035858154297,27.09585189819336,27.37482070922852,5228520,A,False,2012-09-26
2012-09-27,27.532188415527344,27.77539253234864,27.353361129760746,27.596567153930664,4773751,A,False,2012-09-27
2012-09-28,27.525035858154297,27.625179290771484,27.03862762451172,27.503576278686523,6803367,A,False,2012-09-28
2012-10-03,27.625179290771484,28.26895523071289,27.625179290771484,27.8826904296875,13877806,,False,2012-10-03
2012-10-04,28.054363250732425,28.354793548583984,27.80400657653809,28.04005622863769,7781967,A,False,2012-10-04
2012-10-05,28.218883514404297,28.31187438964844,27.68955612182617,27.796852111816406,3912163,A,False,2012-10-05
2012-10-09,27.60371971130371,27.832618713378903,27.274677276611328,27.28898429870605,8022423,,False,2012-10-09
2012-10-11,27.310443878173828,27.310443878173828,26.623748779296875,26.91702461242676,8412885,,False,2012-10-11
2012-10-12,26.959943771362305,27.024320602416992,26.552217483520508,26.623748779296875,3731681,A,False,2012-10-12
2012-10-15,26.69527816772461,26.93132972717285,26.459226608276367,26.59513664245605,3697710,A,False,2012-10-15
2012-10-16,26.802574157714844,27.167381286621094,26.78826904296875,27.1173095703125,3280407,A,False,2012-10-16
2012-10-17,27.174535751342773,27.360515594482425,26.96709632873535,27.224607467651367,5400334,A,False,2012-10-17
2012-10-18,26.888412475585938,26.895565032958984,26.072961807250977,26.20886993408203,9045340,A,False,2012-10-18
2012-10-19,26.087268829345703,26.09442138671875,25.49356269836425,25.572246551513672,5577041,A,False,2012-10-19
2012-10-22,25.50786781311035,25.822603225708008,25.414878845214844,25.75107383728028,3406786,A,False,2012-10-22
2012-10-23,25.30758285522461,25.557939529418945,25.30758285522461,25.40057182312012,4611303,A,False,2012-10-23
2012-10-24,25.49356269836425,25.7296142578125,25.350500106811523,25.64377784729004,5719498,A,False,2012-10-24
2012-10-26,25.88698005676269,25.965665817260746,25.572246551513672,25.708154678344727,9813261,,False,2012-10-26
2012-10-31,25.75107383728028,26.00143051147461,25.65093040466309,25.7439193725586,4775987,A,False,2012-10-31
2012-11-01,25.77968406677246,26.57367706298828,25.715307235717773,26.53791046142578,4462975,A,False,2012-11-01
2012-11-02,26.73104476928711,26.73104476928711,26.27324676513672,26.466381072998047,4685537,A,False,2012-11-02
2012-11-05,26.466381072998047,26.9742488861084,26.35908317565918,26.90271759033203,3789419,A,False,2012-11-05
2012-11-06,26.91702461242676,27.525035858154297,26.85980033874512,27.38197326660156,5208389,A,False,2012-11-06
2012-11-07,27.024320602416992,27.12446403503418,26.63805389404297,26.88125991821289,4515260,A,False,2012-11-07
2012-11-08,26.88125991821289,26.93132972717285,26.351930618286133,26.380544662475582,4281655,A,False,2012-11-08
2012-11-12,26.201717376708984,26.57367706298828,26.15164566040039,26.33762550354004,8373740,,False,2012-11-12
2012-11-13,26.223175048828125,26.35908317565918,25.958511352539062,25.987123489379883,4949759,A,False,2012-11-13
2012-11-14,26.051502227783203,26.287553787231445,25.822603225708008,25.851215362548828,4431101,A,False,2012-11-14
2012-11-15,25.851215362548828,26.20886993408203,25.529327392578125,25.572246551513672,7306088,A,False,2012-11-15
2012-11-16,25.60085868835449,25.64377784729004,25.357654571533203,25.61516571044922,9231134,A,False,2012-11-16
2012-11-19,26.473533630371094,27.167381286621094,26.473533630371094,26.831186294555664,7159438,A,False,2012-11-19
2012-11-20,25.708154678344727,26.409156799316406,25.60801124572754,25.951358795166016,14707939,A,False,2012-11-20
2012-11-21,25.97997093200684,26.087268829345703,25.49356269836425,25.63662338256836,5597452,A,False,2012-11-21
2012-11-23,25.865522384643555,26.402002334594727,25.75822639465332,26.380544662475582,3140327,A,False,2012-11-23
2012-11-26,26.2446346282959,26.802574157714844,26.17310333251953,26.802574157714844,4589634,A,False,2012-11-26
2012-11-28,26.72389030456543,27.19599342346192,26.45207405090332,27.160228729248047,9631381,,False,2012-11-28
2012-11-29,27.246065139770508,27.596567153930664,27.188840866088867,27.42489242553711,5551178,A,False,2012-11-29
2012-12-03,27.446352005004883,27.525035858154297,27.09585189819336,27.12446403503418,7158739,,False,2012-12-03
2012-12-04,27.14592361450196,27.33905601501465,26.959943771362305,27.274677276611328,3059383,A,False,2012-12-04
2012-12-06,27.281831741333008,27.861230850219727,27.26752471923828,27.410587310791016,10479688,,False,2012-12-06
2012-12-10,27.539342880249023,27.54649543762207,26.9742488861084,27.54649543762207,8912529,,False,2012-12-10
2012-12-11,27.718168258666992,28.569385528564453,27.7038631439209,28.3977108001709,6233822,A,False,2012-12-11
2012-12-12,28.469242095947266,29.21316146850586,28.3977108001709,28.977109909057617,8645931,A,False,2012-12-12
2012-12-14,28.805435180664062,28.805435180664062,28.354793548583984,28.505006790161133,8534231,,False,2012-12-14
2012-12-17,28.59799766540528,29.177396774291992,28.44778251647949,29.14163017272949,4829531,A,False,2012-12-17
2012-12-18,29.15593719482422,29.856937408447266,29.077253341674805,29.60658073425293,6499022,A,False,2012-12-18
2012-12-19,29.67095947265625,29.685264587402344,29.02718162536621,29.03433418273925,6632531,A,False,2012-12-19
2012-12-20,29.02718162536621,29.60658073425293,28.912731170654297,29.58512115478516,5324563,A,False,2012-12-20
2012-12-21,29.09871292114257,29.36337661743164,28.36909866333008,29.36337661743164,6592688,A,False,2012-12-21
2012-12-26,29.248926162719727,29.49213218688965,29.170242309570312,29.248926162719727,5138349,,False,2012-12-26
2012-12-27,29.19885635375977,29.248926162719727,28.61945533752441,29.07010078430176,2823680,A,False,2012-12-27
2012-12-31,28.769670486450195,28.89127349853516,28.354793548583984,28.89127349853516,7958395,,False,2012-12-31
2013-01-03,30.164520263671875,30.164520263671875,29.742488861083984,30.06437873840332,14541996,,False,2013-01-03
2013-01-07,30.314735412597656,30.722461700439453,30.314735412597656,30.436338424682617,10022402,,False,2013-01-07
2013-01-08,30.379112243652344,30.60085868835449,30.11444854736328,30.19313240051269,3896925,A,False,2013-01-08
2013-01-09,30.75822639465332,31.080114364624023,30.536481857299805,31.008583068847656,5737951,A,False,2013-01-09
2013-01-11,31.21602249145508,31.559371948242188,31.015737533569336,31.065807342529297,8765600,,False,2013-01-11
2013-01-14,31.065807342529297,31.14449119567871,30.679542541503903,31.14449119567871,3229100,A,False,2013-01-14
2013-01-16,30.865522384643555,30.92989921569824,30.63662338256836,30.793991088867188,7788398,,False,2013-01-16
2013-01-18,31.21602249145508,31.781116485595703,31.18025779724121,31.580829620361328,9974451,,False,2013-01-18
2013-01-23,31.559371948242188,31.93848419189453,31.559371948242188,31.68812561035156,6905281,,False,2013-01-23
2013-01-24,31.87410545349121,32.33190155029297,31.781116485595703,31.94563674926757,4350576,A,False,2013-01-24
2013-01-28,32.13161849975586,32.58226013183594,32.13161849975586,32.317596435546875,7742962,,False,2013-01-28
2013-01-29,32.16022872924805,32.17453384399414,31.831186294555664,31.93132972717285,4125917,A,False,2013-01-29
2013-01-31,31.888412475585938,32.09585189819336,31.59513664245605,32.03147506713867,8843748,,False,2013-01-31
2013-02-01,32.24606704711914,32.660945892333984,31.85980033874512,32.396278381347656,3953264,A,False,2013-02-01
2013-02-04,32.045780181884766,32.167381286621094,31.38769721984864,31.659513473510746,4852458,A,False,2013-02-04
2013-02-05,31.87410545349121,32.23175811767578,31.72389030456543,32.1888427734375,3020379,A,False,2013-02-05
2013-02-06,31.988555908203125,32.281829833984375,31.838340759277344,32.25321960449219,3853447,A,False,2013-02-06
2013-02-07,32.1173095703125,32.23175811767578,31.781116485595703,32.19599533081055,4393075,A,False,2013-02-07
2013-02-08,32.238914489746094,32.4391975402832,32.1888427734375,32.24606704711914,2551070,A,False,2013-02-08
2013-02-12,32.153076171875,32.153076171875,31.7954216003418,31.91702461242676,7394441,,False,2013-02-12
2013-02-13,32.05293273925781,32.36051559448242,31.959943771362305,32.010013580322266,2869255,A,False,2013-02-13
2013-02-14,31.988555908203125,32.03147506713867,31.73104476928711,31.888412475585938,5376289,A,False,2013-02-14
2013-02-20,30.65093040466309,30.65093040466309,30.19313240051269,30.21459197998047,31654635,,False,2013-02-20
2013-02-25,30.09299087524414,30.09299087524414,29.53504943847656,29.53504943847656,14528855,,False,2013-02-25
2013-02-26,29.05579376220703,29.53504943847656,28.74821281433105,29.30615234375,8647888,A,False,2013-02-26
2013-02-27,29.320457458496094,29.97138786315918,29.20600891113281,29.84978485107422,4982752,A,False,2013-02-27
2013-02-28,29.88555145263672,30.08583641052246,29.64949989318848,29.67095947265625,4835962,A,False,2013-02-28
2013-03-01,29.45636558532715,30.02861213684082,29.134477615356445,29.99284744262696,4318981,A,False,2013-03-01
2013-03-04,29.864091873168945,30.171674728393555,29.69957160949707,30.06437873840332,3404270,A,False,2013-03-04
2013-03-05,30.293275833129883,30.89413452148437,30.28612327575684,30.5150203704834,4598022,A,False,2013-03-05
2013-03-06,30.75822639465332,31.130186080932617,30.68669509887696,30.92989921569824,4189806,A,False,2013-03-06
2013-03-07,30.97281837463379,31.1015739440918,30.622318267822266,30.93705368041992,3375052,A,False,2013-03-07
2013-03-08,31.11587905883789,31.130186080932617,30.77253150939941,30.77968406677246,4552307,A,False,2013-03-08
2013-03-12,30.75107383728028,30.75822639465332,29.84978485107422,30.48640823364257,12918080,,False,2013-03-12
2013-03-13,30.443490982055664,30.793991088867188,30.32904052734375,30.75822639465332,3133058,A,False,2013-03-13
2013-03-14,30.77968406677246,31.03004264831543,30.75822639465332,30.987123489379883,3970180,A,False,2013-03-14
2013-03-15,30.829757690429688,30.91559410095215,30.672388076782227,30.765378952026367,3606281,A,False,2013-03-15
2013-03-19,30.371959686279297,30.54363441467285,29.74964141845703,30.04291725158692,11315552,,False,2013-03-19
2013-03-20,30.22174453735352,30.60801124572754,30.20028686523437,30.54363441467285,4530079,A,False,2013-03-20
2013-03-21,30.36480712890625,30.58655166625977,29.778255462646484,29.79256057739257,6163922,A,False,2013-03-21
2013-03-22,29.89270401000977,29.89270401000977,29.263233184814453,29.506437301635746,7615465,A,False,2013-03-22
2013-03-25,29.678112030029297,29.79256057739257,29.177396774291992,29.42060089111328,3911045,A,False,2013-03-25
2013-03-28,29.685264587402344,30.1788272857666,29.685264587402344,30.021459579467773,11225520,,False,2013-03-28
2013-04-01,29.921316146850582,30.02861213684082,29.177396774291992,29.277538299560547,3552178,A,False,2013-04-01
2013-04-02,29.413448333740234,29.58512115478516,29.03433418273925,29.08440589904785,3291451,A,False,2013-04-02
2013-04-03,29.06294631958008,29.320457458496094,28.84120178222656,28.984262466430664,7380042,A,False,2013-04-03
2013-04-04,28.99856948852539,29.66380500793457,28.99856948852539,29.620887756347656,5478343,A,False,2013-04-04
2013-04-08,29.4492130279541,29.93562126159668,29.4492130279541,29.799713134765625,10281171,,False,2013-04-08
2013-04-09,29.84978485107422,30.13590812683105,29.70672416687012,29.79256057739257,2319981,A,False,2013-04-09
2013-04-10,29.84978485107422,30.30758285522461,29.806867599487305,30.22889709472656,3032681,A,False,2013-04-10
2013-04-11,30.293275833129883,31.4234619140625,30.27897071838379,31.373390197753903,7865707,A,False,2013-04-11
2013-04-12,31.14449119567871,32.03862762451172,31.065807342529297,32.010013580322266,8504034,A,False,2013-04-12
2013-04-15,31.831186294555664,31.85980033874512,30.722461700439453,30.78683853149414,10833941,A,False,2013-04-15
2013-04-16,31.087268829345703,31.29470634460449,30.64377784729004,31.03719520568848,6298270,A,False,2013-04-16
2013-04-17,30.81545066833496,30.83691024780273,29.99284744262696,30.1788272857666,6281214,A,False,2013-04-17
2013-04-22,29.878398895263672,30.20028686523437,29.57081413269043,29.93562126159668,13129317,,False,2013-04-22
2013-04-23,30.19313240051269,30.64377784729004,30.13590812683105,30.47925567626953,4924455,A,False,2013-04-23
2013-04-24,30.557939529418945,30.78683853149414,30.30758285522461,30.65093040466309,4222799,A,False,2013-04-24
2013-04-25,30.793991088867188,30.93705368041992,30.5150203704834,30.565092086791992,2963620,A,False,2013-04-25
2013-04-30,29.799713134765625,29.799713134765625,29.105865478515625,29.6423454284668,15760632,,False,2013-04-30
2013-05-01,29.628040313720703,29.856937408447266,29.513591766357425,29.54935646057129,3811367,A,False,2013-05-01
2013-05-02,29.678112030029297,29.84263229370117,29.49928474426269,29.67095947265625,4805905,A,False,2013-05-02
2013-05-03,29.99284744262696,30.436338424682617,29.713876724243164,29.72102928161621,6626660,A,False,2013-05-03
2013-05-06,29.6423454284668,30.128755569458008,29.60658073425293,30.04291725158692,3941521,A,False,2013-05-06
2013-05-07,30.171674728393555,30.33619499206543,29.97138786315918,30.32904052734375,4926692,A,False,2013-05-07
2013-05-08,30.32904052734375,30.722461700439453,30.257511138916016,30.715307235717773,2963480,A,False,2013-05-08
2013-05-09,30.736766815185547,30.901287078857425,30.49356269836425,30.8726749420166,4415863,A,False,2013-05-09
2013-05-10,30.84406280517578,31.36623764038086,30.78683853149414,31.20886993408203,6517616,A,False,2013-05-10
2013-05-13,31.065807342529297,31.15879821777344,30.557939529418945,30.78683853149414,5951845,A,False,2013-05-13
2013-05-14,30.7439193725586,31.51645278930664,30.672388076782227,31.45207405090332,8503615,A,False,2013-05-14
2013-05-17,32.18168640136719,33.2546501159668,32.18168640136719,32.589412689208984,25762204,,False,2013-05-17
2013-05-22,33.05436325073242,33.955650329589844,33.05436325073242,33.07582473754883,21166419,,False,2013-05-22
2013-05-24,32.682403564453125,32.682403564453125,32.33190155029297,32.61087417602539,8392054,,False,2013-05-24
2013-05-28,32.96852493286133,33.5765380859375,32.96852493286133,33.21173095703125,6701872,A,False,2013-05-28
2013-05-29,32.88984298706055,33.15450668334961,32.4749641418457,32.93991470336914,5062438,A,False,2013-05-29
2013-05-30,33.05436325073242,33.65522384643555,32.91130065917969,32.93991470336914,4321078,A,False,2013-05-30
2013-05-31,32.83977127075195,33.24034118652344,32.496421813964844,32.5107307434082,6442543,A,False,2013-05-31
2013-06-03,32.65378952026367,32.78969955444336,32.21745300292969,32.55364990234375,5158201,A,False,2013-06-03
2013-06-04,33.03290557861328,33.226036071777344,32.46065902709961,32.4892692565918,4703152,A,False,2013-06-04
2013-06-05,32.41773986816406,32.46065902709961,31.831186294555664,31.85264778137207,3488150,A,False,2013-06-05
2013-06-06,31.831186294555664,32.19599533081055,31.623748779296875,32.19599533081055,5284580,A,False,2013-06-06
2013-06-07,32.30329132080078,32.846923828125,32.14592361450195,32.296138763427734,3888537,A,False,2013-06-07
2013-06-10,32.4391975402832,32.4391975402832,31.824033737182617,31.99570846557617,3817658,A,False,2013-06-10
2013-06-12,31.63090133666992,31.924177169799805,31.323318481445312,31.416309356689453,9289850,,False,2013-06-12
2013-06-13,31.380544662475582,31.87410545349121,31.230329513549805,31.824033737182617,3627391,A,False,2013-06-13
2013-06-14,31.716737747192383,31.88125991821289,31.36623764038086,31.473533630371094,2345425,A,False,2013-06-14
2013-06-19,31.74535179138184,32.103004455566406,31.666667938232425,31.666667938232425,14437566,,False,2013-06-19
2013-06-20,30.83691024780273,30.83691024780273,29.93562126159668,30.27181625366211,8818444,A,False,2013-06-20
2013-06-21,30.472103118896484,30.922746658325195,30.30758285522461,30.7439193725586,5107733,A,False,2013-06-21
2013-06-25,30.357654571533203,30.57939910888672,30.0500717163086,30.386266708374023,8118047,,False,2013-06-25
2013-06-27,30.829757690429688,30.965665817260746,30.414878845214844,30.81545066833496,9980182,,False,2013-06-27
2013-06-28,30.75822639465332,30.97997093200684,30.565092086791992,30.58655166625977,7767707,A,False,2013-06-28
2013-07-01,30.793991088867188,31.30901336669922,30.69384765625,31.18025779724121,5988473,A,False,2013-07-01
2013-07-02,31.11587905883789,31.39484977722168,30.722461700439453,30.822603225708008,4175127,A,False,2013-07-02
2013-07-03,30.629470825195312,31.087268829345703,30.557939529418945,30.87982749938965,2712959,A,False,2013-07-03
2013-07-05,31.087268829345703,31.68097305297852,31.04434967041016,31.63805389404297,2932724,A,False,2013-07-05
2013-07-08,31.74535179138184,31.952789306640625,31.559371948242188,31.73104476928711,3593000,A,False,2013-07-08
2013-07-09,31.90271759033203,32.16022872924805,31.716737747192383,31.90271759033203,4859728,A,False,2013-07-09
2013-07-10,31.93132972717285,32.65378952026367,31.838340759277344,32.410587310791016,4582085,A,False,2013-07-10
2013-07-12,32.682403564453125,32.88984298706055,32.603721618652344,32.72532272338867,5746060,,False,2013-07-12
2013-07-15,32.68955612182617,33.104434967041016,32.67525100708008,32.98283386230469,3401054,A,False,2013-07-15
2013-07-16,32.96852493286133,33.24034118652344,32.74678039550781,32.83977127075195,2833466,A,False,2013-07-16
2013-07-17,32.86838150024414,32.97568130493164,32.59656524658203,32.625179290771484,1671309,A,False,2013-07-17
2013-07-18,32.660945892333984,32.93991470336914,32.58226013183594,32.832618713378906,2793484,A,False,2013-07-18
2013-07-19,32.78254699707031,33.104434967041016,32.682403564453125,33.047210693359375,1648801,A,False,2013-07-19
2013-07-25,33.2546501159668,33.54792785644531,33.2546501159668,33.376251220703125,11210282,,False,2013-07-25
2013-07-26,33.12589263916016,33.30472183227539,32.496421813964844,32.61802673339844,5161835,A,False,2013-07-26
2013-07-29,32.61087417602539,32.68955612182617,32.17453384399414,32.43204498291016,2743016,A,False,2013-07-29
2013-07-30,32.58226013183594,32.61802673339844,32.06008529663086,32.081546783447266,3903076,A,False,2013-07-30
2013-07-31,32.21745300292969,32.40343475341797,31.94563674926757,31.99570846557617,3924745,A,False,2013-07-31
2013-08-01,32.55364990234375,33.047210693359375,32.41773986816406,32.932762145996094,3827025,A,False,2013-08-01
2013-08-02,32.94706726074219,33.26895523071289,32.896995544433594,33.17596435546875,3354082,A,False,2013-08-02
2013-08-05,33.09012985229492,33.19027328491211,32.761085510253906,32.861228942871094,2621809,A,False,2013-08-05
2013-08-06,32.85407638549805,33.06151580810547,32.625179290771484,32.96137237548828,3188698,A,False,2013-08-06
2013-08-07,32.81831359863281,33.23318862915039,32.63233184814453,33.104434967041016,2379536,A,False,2013-08-07
2013-08-09,33.261802673339844,33.297569274902344,32.76824188232422,33.06151580810547,5117798,,False,2013-08-09
2013-08-12,32.82546615600586,33.26895523071289,32.703861236572266,33.226036071777344,1743586,A,False,2013-08-12
2013-08-13,33.226036071777344,33.60514831542969,33.07582473754883,33.562232971191406,2905324,A,False,2013-08-13
2013-08-14,33.45493698120117,33.61945724487305,33.1688117980957,33.26895523071289,2778525,A,False,2013-08-14
2013-08-15,34.04148864746094,34.45636749267578,33.51216125488281,33.590843200683594,9378203,A,False,2013-08-15
2013-08-16,33.48354721069336,33.776824951171875,33.27610778808594,33.469242095947266,5067331,A,False,2013-08-16
2013-08-20,33.354793548583984,33.5765380859375,33.02574920654297,33.5765380859375,5622616,,False,2013-08-20
2013-08-21,33.56938552856445,33.79113006591797,33.36194610595703,33.540771484375,2724842,A,False,2013-08-21
2013-08-23,34.00572204589844,34.57081604003906,34.00572204589844,34.105865478515625,6778902,,False,2013-08-23
2013-08-26,34.07725143432617,34.47782516479492,33.8984260559082,34.048641204833984,2813056,A,False,2013-08-26
2013-08-27,33.67668151855469,33.8984260559082,33.47639465332031,33.59799575805664,2982214,A,False,2013-08-27
2013-08-30,33.53361892700195,33.59799575805664,33.1688117980957,33.36194610595703,6779881,,False,2013-08-30
2013-09-03,33.648067474365234,33.9842643737793,33.34763717651367,33.56938552856445,2188709,A,False,2013-09-03
2013-09-04,33.56938552856445,34.30615234375,33.433475494384766,34.24177551269531,3525756,A,False,2013-09-04
2013-09-05,34.20600891113281,34.39914321899414,34.03433609008789,34.105865478515625,1835854,A,False,2013-09-05
2013-09-06,34.127323150634766,34.184547424316406,33.71244430541992,33.927040100097656,1863394,A,False,2013-09-06
2013-09-09,34.04148864746094,34.37052917480469,33.82689666748047,34.29899978637695,2333122,A,False,2013-09-09
2013-09-10,34.36337661743164,34.81401824951172,34.36337661743164,34.72818374633789,2546177,A,False,2013-09-10
2013-09-12,34.763946533203125,35.06437683105469,34.685264587402344,34.778255462646484,4546156,,False,2013-09-12
2013-09-13,34.763946533203125,34.778255462646484,34.49928665161133,34.66380310058594,2993258,A,False,2013-09-13
2013-09-16,35.09299087524414,35.17882537841797,34.74964141845703,34.86409378051758,2600140,A,False,2013-09-16
2013-09-18,34.856937408447266,35.30043029785156,34.778255462646484,35.27896881103516,5064395,,False,2013-09-18
2013-09-23,37.85407638549805,38.24749755859375,36.75250244140625,36.95994186401367,44114169,,False,2013-09-23
2013-09-24,36.917022705078125,37.138771057128906,36.62374877929688,36.90987014770508,3080912,A,False,2013-09-24
2013-09-26,36.90271759033203,37.28898239135742,36.80972671508789,37.260372161865234,7752469,,False,2013-09-26
2013-09-27,37.08154678344727,37.26752471923828,36.76681137084961,36.93133163452149,2949920,A,False,2013-09-27
2013-10-01,36.49499130249024,36.92417526245117,36.26609420776367,36.92417526245117,7894506,,False,2013-10-01
2013-10-02,36.90271759033203,36.988555908203125,36.587982177734375,36.88841247558594,2825078,A,False,2013-10-02
2013-10-03,36.88125991821289,36.88841247558594,36.41630935668945,36.52360534667969,2626143,A,False,2013-10-03
2013-10-07,36.60228729248047,37.09585189819336,36.530757904052734,36.57367706298828,4543500,,False,2013-10-07
2013-10-08,36.60944366455078,36.716739654541016,35.68669509887695,35.858367919921875,3367223,A,False,2013-10-08
2013-10-09,35.929901123046875,36.03719711303711,35.32904052734375,35.7296142578125,3397979,A,False,2013-10-09
2013-10-10,35.97281646728516,36.62374877929688,35.97281646728516,36.47353363037109,3391967,A,False,2013-10-10
2013-10-11,36.39485168457031,36.95994186401367,36.23748016357422,36.80972671508789,2098258,A,False,2013-10-11
2013-10-15,36.61659622192383,36.61659622192383,36.130184173583984,36.39485168457031,5693215,,False,2013-10-15
2013-10-16,36.63805389404297,37.1888427734375,36.437767028808594,36.88125991821289,3478224,A,False,2013-10-16
2013-10-17,36.659515380859375,37.69670867919922,36.57367706298828,37.660945892333984,4960663,A,False,2013-10-17
2013-10-18,37.86122894287109,38.08297729492188,37.64663696289063,37.90414810180664,4027498,A,False,2013-10-18
2013-10-21,37.93991470336914,38.01144409179688,37.12446212768555,37.1888427734375,3573847,A,False,2013-10-21
2013-10-22,37.26752471923828,37.339054107666016,36.36623764038086,36.49499130249024,5984139,A,False,2013-10-22
2013-10-23,36.30901336669922,36.39485168457031,35.97997283935547,36.23032760620117,3283343,A,False,2013-10-23
2013-10-24,36.24463653564453,36.63805389404297,36.24463653564453,36.566524505615234,2496688,A,False,2013-10-24
2013-10-25,36.72389221191406,37.13161849975586,36.54506301879883,37.103004455566406,3352823,A,False,2013-10-25
2013-10-29,37.045780181884766,37.18168640136719,36.645206451416016,36.98140335083008,4155835,,False,2013-10-29
2013-10-30,37.02431869506836,37.06723785400391,36.38054275512695,36.587982177734375,1901280,A,False,2013-10-30
2013-10-31,36.587982177734375,36.716739654541016,36.0872688293457,36.30901336669922,2649909,A,False,2013-10-31
2013-11-04,36.44491958618164,36.89556503295898,36.44491958618164,36.63090133666992,4670578,,False,2013-11-04
2013-11-05,36.60944366455078,36.73819732666016,36.37339019775391,36.63090133666992,2206184,A,False,2013-11-05
2013-11-06,36.61659622192383,36.7095832824707,36.337623596191406,36.5093002319336,1997323,A,False,2013-11-06
2013-11-08,36.437767028808594,36.437767028808594,35.65092849731445,36.32331848144531,7562341,,False,2013-11-08
2013-11-12,36.30901336669922,36.773963928222656,36.30901336669922,36.62374877929688,6069697,,False,2013-11-12
2013-11-13,36.40200424194336,36.69527816772461,36.23748016357422,36.62374877929688,2949920,A,False,2013-11-13
2013-11-14,36.62374877929688,36.62374877929688,36.02288818359375,36.15164566040039,3963190,A,False,2013-11-14
2013-11-15,38.648067474365234,39.87124633789063,38.40486526489258,39.29184341430664,15397991,A,False,2013-11-15
2013-11-18,38.9484977722168,39.32761001586914,38.39055633544922,38.662376403808594,5775837,A,False,2013-11-18
2013-11-20,38.39055633544922,38.76251983642578,38.24749755859375,38.2904167175293,6702711,,False,2013-11-20
2013-11-22,38.48354721069336,39.02002716064453,38.447784423828125,38.51931381225586,6051103,,False,2013-11-22
2013-11-26,38.5765380859375,38.5765380859375,37.92560958862305,38.376251220703125,6915207,,False,2013-11-26
2013-11-27,38.46924209594727,38.626609802246094,38.36909866333008,38.490699768066406,1663340,A,False,2013-11-27
2013-11-29,38.51931381225586,38.60514831542969,38.24034118652344,38.31902694702149,1216819,A,False,2013-11-29
2013-12-02,38.24749755859375,38.39055633544922,37.98998641967773,38.06151580810547,2039962,A,False,2013-12-02
2013-12-03,37.85407638549805,38.03290557861328,37.59656524658203,37.86122894287109,3462706,A,False,2013-12-03
2013-12-05,37.99713897705078,38.505008697509766,37.99713897705078,38.26895523071289,5908227,,False,2013-12-05
2013-12-06,38.45493698120117,39.29184341430664,38.45493698120117,39.220314025878906,4268513,A,False,2013-12-06
2013-12-11,39.198856353759766,39.835479736328125,39.15593719482422,39.22746658325195,9492420,,False,2013-12-11
2013-12-12,39.07725143432617,39.7138786315918,38.84120178222656,39.52789688110352,3794591,A,False,2013-12-12
2013-12-16,39.59942626953125,39.98569488525391,39.39199066162109,39.51359176635742,5183924,,False,2013-12-16
2013-12-17,40.02861022949219,40.97997283935547,39.92131423950195,40.3218879699707,4484784,A,False,2013-12-17
2013-12-19,40.82260513305664,41.44491958618164,40.82260513305664,41.04434967041016,8429241,,False,2013-12-19
2013-12-24,41.10872650146485,41.20886993408203,40.70815658569336,40.93705368041992,7426456,,False,2013-12-24
2013-12-26,40.94420623779297,41.280399322509766,40.94420623779297,41.1015739440918,998731,A,False,2013-12-26
2013-12-30,40.93705368041992,41.07295989990234,40.715309143066406,41.00143051147461,2489978,,False,2013-12-30
2013-12-31,41.09442138671875,41.16595077514648,40.82975769042969,40.90843963623047,1316077,A,False,2013-12-31
2014-01-02,40.84406280517578,40.84406280517578,40.16452026367188,40.20743942260742,2678848,A,False,2014-01-02
2014-01-03,40.33619689941406,41.02288818359375,40.24320602416992,40.715309143066406,2609647,A,False,2014-01-03
2014-01-07,41.05865478515625,41.27324676513672,40.72246170043945,41.09442138671875,4530219,,False,2014-01-07
2014-01-08,41.008583068847656,41.87410736083984,40.894134521484375,41.76681137084961,3717981,A,False,2014-01-08
2014-01-09,41.773963928222656,41.97425079345703,41.39485168457031,41.7811164855957,2457125,A,False,2014-01-09
2014-01-10,41.85264587402344,42.21030044555664,41.587982177734375,42.153076171875,2269234,A,False,2014-01-10
2014-01-13,42.03862762451172,42.27467727661133,41.917022705078125,42.153076171875,4119487,A,False,2014-01-13
2014-01-14,42.31759643554688,42.8826904296875,42.21745300292969,42.832618713378906,3581956,A,False,2014-01-14
2014-01-15,42.78969955444336,43.18312072753906,42.62517929077149,43.161659240722656,3264610,A,False,2014-01-15
2014-01-16,43.09012985229492,43.27610778808594,42.94706726074219,43.27610778808594,2566728,A,False,2014-01-16
2014-01-21,43.51216125488281,43.54792785644531,43.15450668334961,43.526466369628906,6581784,,False,2014-01-21
2014-01-22,43.505008697509766,43.79113006591797,43.42632293701172,43.58369064331055,3871621,A,False,2014-01-22
2014-01-23,43.26180267333984,43.28326034545898,42.49642181396485,42.53934097290039,4282773,A,False,2014-01-23
2014-01-24,42.36051559448242,42.532188415527344,41.280399322509766,41.39485168457031,3713507,A,False,2014-01-24
2014-01-27,41.41630935668945,41.75250244140625,40.75822448730469,41.702430725097656,6527262,A,False,2014-01-27
2014-01-28,41.84549331665039,42.1173095703125,41.4234619140625,41.55937194824219,3545328,A,False,2014-01-28
2014-01-29,41.25178909301758,41.645206451416016,41.0658073425293,41.23748016357422,3023874,A,False,2014-01-29
2014-01-30,41.78826904296875,42.99713897705078,41.78826904296875,42.56795501708984,5232994,A,False,2014-01-30
2014-01-31,41.92417526245117,42.31044387817383,41.52360534667969,41.59513473510742,4804227,A,False,2014-01-31
2014-02-05,41.27324676513672,41.27324676513672,40.11444854736328,41.08011245727539,11358889,,False,2014-02-05
2014-02-06,41.1373405456543,41.73819732666016,41.1015739440918,41.69527816772461,2250081,A,False,2014-02-06
2014-02-10,41.81687927246094,42.53934097290039,41.69527816772461,42.21030044555664,5210765,,False,2014-02-10
2014-02-11,42.2031478881836,42.918453216552734,42.1173095703125,42.72532272338867,2985848,A,False,2014-02-11
2014-02-12,42.918453216552734,43.24749755859375,42.682403564453125,42.83977127075195,3280826,A,False,2014-02-12
2014-02-13,42.5250358581543,43.19027328491211,42.467811584472656,42.97568130493164,4323595,A,False,2014-02-13
2014-02-18,40.08583831787109,40.08583831787109,39.24892807006836,39.44921112060547,34108404,,False,2014-02-18
2014-02-19,39.34907150268555,40.52217483520508,39.2703857421875,40.014305114746094,6764642,A,False,2014-02-19
2014-02-24,40.34334945678711,41.15879821777344,40.34334945678711,40.59370422363281,13181882,,False,2014-02-24
2014-02-26,40.62947082519531,41.21602249145508,40.59370422363281,40.84406280517578,8074848,,False,2014-02-26
2014-03-03,40.78683853149414,40.85121536254883,39.90700912475586,40.56509399414063,11843855,,False,2014-03-03
2014-03-05,41.17310333251953,41.48783874511719,41.17310333251953,41.34477615356445,8325649,,False,2014-03-05
2014-03-06,41.76681137084961,42.43204498291016,41.587982177734375,42.03862762451172,7239962,A,False,2014-03-06
2014-03-10,41.73104476928711,41.73104476928711,41.144493103027344,41.59513473510742,8123219,,False,2014-03-10
2014-03-11,41.65236282348633,41.702430725097656,40.41487884521485,40.67238998413086,4783537,A,False,2014-03-11
2014-03-13,40.42918395996094,40.82975769042969,39.892704010009766,39.949928283691406,5551597,,False,2014-03-13
2014-03-14,39.77825546264648,40.04291915893555,39.506439208984375,39.65665054321289,2439790,A,False,2014-03-14
2014-03-17,39.82832717895508,40.35050201416016,39.68526458740234,39.914161682128906,2009625,A,False,2014-03-17
2014-03-18,40.0357666015625,40.63662338256836,39.94277572631836,40.622318267822266,1809991,A,False,2014-03-18
2014-03-19,40.57224655151367,40.87982940673828,40.18598175048828,40.50786972045898,2522551,A,False,2014-03-19
2014-03-21,40.4434928894043,40.72246170043945,40.02861022949219,40.12160110473633,6390677,,False,2014-03-21
2014-03-26,40.050071716308594,40.050071716308594,39.09871292114258,39.46352005004883,8770633,,False,2014-03-26
2014-03-28,39.52074432373047,39.52074432373047,38.78397750854492,39.12017059326172,6957426,,False,2014-03-28
2014-03-31,39.320457458496094,40.09299087524414,39.03433609008789,40.0,3062738,A,False,2014-03-31
2014-04-01,40.200286865234375,40.50071334838867,39.94277572631836,40.314735412597656,2922799,A,False,2014-04-01
2014-04-02,40.3576545715332,40.55794143676758,40.200286865234375,40.53647994995117,2683461,A,False,2014-04-02
2014-04-04,40.608009338378906,40.94420623779297,40.25035858154297,40.25035858154297,5467159,,False,2014-04-04
2014-04-07,39.742488861083984,39.81401824951172,38.58369064331055,38.87696838378906,3613131,A,False,2014-04-07
2014-04-08,38.77682495117188,39.341915130615234,38.49785232543945,39.09871292114258,2575815,A,False,2014-04-08
2014-04-10,39.65665054321289,39.799713134765625,38.8984260559082,38.8984260559082,5569492,,False,2014-04-10
2014-04-11,38.40486526489258,38.662376403808594,37.660945892333984,37.74678039550781,3623616,A,False,2014-04-11
2014-04-15,38.047210693359375,38.09012985229492,37.16738128662109,37.98998641967773,7008314,,False,2014-04-15
2014-04-16,38.30472183227539,38.46208953857422,38.09012985229492,38.39771270751953,1738413,A,False,2014-04-16
2014-04-21,38.8626594543457,39.26323318481445,38.8626594543457,39.12017059326172,4540564,,False,2014-04-21
2014-04-23,39.127323150634766,39.77110290527344,39.03433609008789,39.34907150268555,3312841,,False,2014-04-23
2014-04-24,39.506439208984375,39.7138786315918,39.02718353271485,39.54220199584961,2525347,A,False,2014-04-24
2014-04-25,39.52074432373047,39.52074432373047,38.67668151855469,38.90557861328125,2209539,A,False,2014-04-25
2014-04-28,39.234619140625,39.29184341430664,37.8111572265625,38.433475494384766,4206582,A,False,2014-04-28
2014-04-29,38.11874008178711,38.30472183227539,37.17453384399414,38.12589263916016,4688612,A,False,2014-04-29
2014-04-30,38.2188835144043,38.67668151855469,37.92560958862305,38.65522384643555,2346683,A,False,2014-04-30
2014-05-01,38.58369064331055,39.24892807006836,38.38340377807617,38.96280288696289,2058415,A,False,2014-05-01
2014-05-05,38.9842643737793,39.5922737121582,38.69098663330078,39.57796859741211,5827143,,False,2014-05-05
2014-05-06,39.39914321899414,39.66380310058594,38.95565032958984,39.34907150268555,3109432,A,False,2014-05-06
2014-05-07,39.434906005859375,39.434906005859375,38.81974029541016,39.36337661743164,3102442,A,False,2014-05-07
2014-05-09,39.36337661743164,40.15736770629883,39.20600891113281,39.620887756347656,4888806,,False,2014-05-09
2014-05-12,39.75679397583008,40.50071334838867,39.6781120300293,40.35050201416016,2854856,A,False,2014-05-12
2014-05-13,40.50786972045898,40.75822448730469,40.34334945678711,40.65092849731445,2048769,A,False,2014-05-13
2014-05-14,40.61516571044922,40.622318267822266,39.84263229370117,39.949928283691406,3622078,A,False,2014-05-14
2014-05-16,39.05579376220703,39.434906005859375,38.447784423828125,39.36337661743164,11388108,,False,2014-05-16
2014-05-19,39.2703857421875,39.506439208984375,39.127323150634766,39.320457458496094,3833456,A,False,2014-05-19
2014-05-20,39.24892807006836,39.31330490112305,38.77682495117188,38.84835433959961,2572460,A,False,2014-05-20
2014-05-21,39.04148864746094,39.44205856323242,38.94134521484375,39.33476257324219,1541015,A,False,2014-05-21
2014-05-22,39.341915130615234,39.84978485107422,39.26323318481445,39.72818374633789,2357168,A,False,2014-05-22
2014-05-23,39.80686569213867,40.21459197998047,39.47067260742188,40.18598175048828,4907819,A,False,2014-05-23
2014-05-27,40.27896881103516,40.41487884521485,40.07868576049805,40.257511138916016,1664459,A,False,2014-05-27
2014-05-28,40.35050201416016,40.93705368041992,40.27896881103516,40.85121536254883,2518777,A,False,2014-05-28
2014-05-29,40.90128707885742,41.04434967041016,40.51502227783203,40.743919372558594,2179063,A,False,2014-05-29
2014-06-02,40.67954254150391,40.765380859375,40.22889709472656,40.69384765625,5343156,,False,2014-06-02
2014-06-04,40.743919372558594,41.12303161621094,40.743919372558594,41.09442138671875,4173309,,False,2014-06-04
2014-06-05,41.09442138671875,42.02431869506836,41.0658073425293,41.917022705078125,2562674,A,False,2014-06-05
2014-06-06,41.90271759033203,42.40343475341797,41.75250244140625,42.21030044555664,1797548,A,False,2014-06-06
2014-06-09,42.2031478881836,42.61802673339844,41.988555908203125,42.40343475341797,1661942,A,False,2014-06-09
2014-06-10,42.31759643554688,42.38197326660156,41.90271759033203,42.12446212768555,1772384,A,False,2014-06-10
2014-06-11,41.72389221191406,42.29613876342773,41.7095832824707,42.138771057128906,1972019,A,False,2014-06-11
2014-06-12,42.13161849975586,42.2031478881836,41.63090133666992,41.773963928222656,2345844,A,False,2014-06-12
2014-06-13,41.8669548034668,42.11015701293945,41.61659622192383,41.84549331665039,1474750,A,False,2014-06-13
2014-06-16,41.89556503295898,42.103004455566406,41.59513473510742,41.716739654541016,1641811,A,False,2014-06-16
2014-06-17,41.68097305297852,42.34621047973633,41.62374877929688,42.11015701293945,1857243,A,False,2014-06-17
2014-06-19,42.103004455566406,42.58941268920898,41.8669548034668,41.93133163452149,5961352,,False,2014-06-19
2014-06-23,41.37339019775391,42.103004455566406,41.37339019775391,41.566524505615234,4844070,,False,2014-06-23
2014-06-24,41.5093002319336,41.838340759277344,41.18741226196289,41.23748016357422,1573868,A,False,2014-06-24
2014-06-25,41.20886993408203,41.55937194824219,41.0658073425293,41.46638107299805,1482579,A,False,2014-06-25
2014-06-30,41.316165924072266,41.316165924072266,40.90128707885742,41.0872688293457,5502248,,False,2014-06-30
2014-07-01,41.30186080932617,41.80257415771485,41.04434967041016,41.66666793823242,2811098,A,False,2014-07-01
2014-07-03,41.58082962036133,41.90987014770508,41.50214767456055,41.81687927246094,2817949,,False,2014-07-03
2014-07-07,41.63090133666992,41.66666793823242,41.38054275512695,41.57367706298828,1326982,A,False,2014-07-07
2014-07-08,41.37339019775391,41.437767028808594,40.715309143066406,40.87982940673828,2259028,A,False,2014-07-08
2014-07-09,40.80829620361328,40.82975769042969,40.42918395996094,40.70100021362305,1787343,A,False,2014-07-09
2014-07-10,40.35050201416016,40.50786972045898,40.06437683105469,40.4077262878418,1662641,A,False,2014-07-10
2014-07-11,40.29327774047852,40.586551666259766,40.16452026367188,40.48640823364258,1654253,A,False,2014-07-11
2014-07-14,40.715309143066406,40.82260513305664,40.50071334838867,40.643775939941406,2079944,A,False,2014-07-14
2014-07-15,40.55794143676758,40.68669509887695,40.16452026367188,40.529327392578125,2928111,A,False,2014-07-15
2014-07-16,40.68669509887695,40.84406280517578,40.65092849731445,40.743919372558594,2612163,A,False,2014-07-16
2014-07-18,40.23605346679688,40.23605346679688,39.44205856323242,40.16452026367188,8542200,,False,2014-07-18
2014-07-21,39.95708084106445,40.73676681518555,39.90700912475586,40.56509399414063,2773492,A,False,2014-07-21
2014-07-22,40.77253341674805,41.60944366455078,40.73676681518555,41.28755569458008,3371557,A,False,2014-07-22
2014-07-23,41.566524505615234,41.7095832824707,41.09442138671875,41.10872650146485,2032133,A,False,2014-07-23
2014-07-24,41.20171737670898,41.30186080932617,40.56509399414063,40.658084869384766,3543091,A,False,2014-07-24
2014-07-25,40.42918395996094,40.586551666259766,40.30758285522461,40.436336517333984,2404001,A,False,2014-07-25
2014-07-28,40.4077262878418,40.436336517333984,39.97854232788086,40.26466369628906,2111260,A,False,2014-07-28
2014-07-29,40.26466369628906,40.314735412597656,39.97138977050781,40.07868576049805,2800334,A,False,2014-07-29
2014-07-30,40.21459197998047,40.63662338256836,40.07152938842773,40.61516571044922,1917077,A,False,2014-07-30
2014-07-31,40.21459197998047,40.47210311889648,39.93562316894531,40.12160110473633,3785924,A,False,2014-07-31
2014-08-04,39.892704010009766,40.34334945678711,39.74964141845703,40.24320602416992,3577482,,False,2014-08-04
2014-08-05,39.98569488525391,40.13590621948242,39.41344833374024,39.51359176635742,2422594,A,False,2014-08-05
2014-08-06,39.506439208984375,39.85693740844727,39.2703857421875,39.763946533203125,2193182,A,False,2014-08-06
2014-08-07,40.04291915893555,40.05722427368164,39.32761001586914,39.37768173217773,2276643,A,False,2014-08-07
2014-08-08,39.563663482666016,39.57081604003906,39.24177551269531,39.51359176635742,2468868,A,False,2014-08-08
2014-08-11,39.65665054321289,39.80686569213867,39.38483428955078,39.48497772216797,1751275,A,False,2014-08-11
2014-08-12,39.33476257324219,39.39199066162109,38.84120178222656,38.869815826416016,3693656,A,False,2014-08-12
2014-08-13,38.96995544433594,39.320457458496094,38.76251983642578,39.184547424316406,2406377,A,False,2014-08-13
2014-08-14,39.184547424316406,39.79256057739258,38.9484977722168,39.78540802001953,4862943,A,False,2014-08-14
2014-08-19,42.16738128662109,42.24606704711914,41.60228729248047,41.88841247558594,13327693,,False,2014-08-19
2014-08-20,41.716739654541016,41.7811164855957,41.44491958618164,41.72389221191406,2581547,A,False,2014-08-20
2014-08-21,41.7453498840332,41.8311882019043,41.46638107299805,41.48068618774414,1717303,A,False,2014-08-21
2014-08-22,41.41630935668945,41.51645278930664,41.11587905883789,41.23032760620117,2012561,A,False,2014-08-22
2014-08-25,41.40200424194336,41.59513473510742,41.18741226196289,41.30186080932617,1352006,A,False,2014-08-25
2014-08-27,41.30901336669922,41.41630935668945,40.97997283935547,41.04434967041016,2905463,,False,2014-08-27
2014-08-29,40.872676849365234,41.130184173583984,40.75822448730469,40.88698196411133,4718669,,False,2014-08-29
2014-09-02,40.93705368041992,41.55937194824219,40.93705368041992,41.53791046142578,2817809,A,False,2014-09-02
2014-09-04,41.63805389404297,41.838340759277344,41.40200424194336,41.40200424194336,3171503,,False,2014-09-04
2014-09-11,41.18741226196289,41.28755569458008,40.90128707885742,41.19456481933594,8406173,,False,2014-09-11
2014-09-15,41.30186080932617,41.93848419189453,41.30186080932617,41.43061447143555,5887677,,False,2014-09-15
2014-09-16,41.35908508300781,41.566524505615234,41.03719711303711,41.4234619140625,1928960,A,False,2014-09-16
2014-09-17,41.48783874511719,42.19599533081055,41.43061447143555,42.12446212768555,3788440,A,False,2014-09-17
2014-09-18,42.34621047973633,42.4892692565918,41.7095832824707,41.773963928222656,4008066,A,False,2014-09-18
2014-09-19,42.07439041137695,42.1888427734375,41.55937194824219,41.66666793823242,3039252,A,False,2014-09-19
2014-09-22,41.58082962036133,41.62374877929688,40.96566390991211,41.16595077514648,2357867,A,False,2014-09-22
2014-09-24,40.951358795166016,41.11587905883789,40.61516571044922,41.11587905883789,4589354,,False,2014-09-24
2014-09-25,41.3876953125,41.48068618774414,40.69384765625,40.69384765625,2278181,A,False,2014-09-25
2014-09-29,40.622318267822266,40.7296142578125,40.0,40.7296142578125,5375310,,False,2014-09-29
2014-09-30,40.92274856567383,41.05865478515625,40.643775939941406,40.75822448730469,2964599,A,False,2014-09-30
2014-10-01,40.66523742675781,40.72246170043945,40.18598175048828,40.200286865234375,3468857,A,False,2014-10-01
2014-10-02,40.15021514892578,40.22889709472656,39.549354553222656,39.93562316894531,2387924,A,False,2014-10-02
2014-10-03,40.22174453735352,40.77968597412109,40.17167282104492,40.70815658569336,2205065,A,False,2014-10-03
2014-10-06,40.8154525756836,40.88698196411133,40.36480712890625,40.46495056152344,1618045,A,False,2014-10-06
2014-10-09,40.23605346679688,40.257511138916016,39.198856353759766,39.36337661743164,8619369,,False,2014-10-09
2014-10-10,39.27753829956055,39.356224060058594,38.21173095703125,38.36909866333008,7176773,A,False,2014-10-10
2014-10-13,38.433475494384766,38.79113006591797,37.718170166015625,37.76108551025391,3533165,A,False,2014-10-13
2014-10-14,37.93991470336914,38.19027328491211,37.03147506713867,37.045780181884766,5554114,A,False,2014-10-14
2014-10-15,36.3876953125,37.11015701293945,35.622318267822266,37.045780181884766,6604012,A,False,2014-10-15
2014-10-16,36.32331848144531,37.281829833984375,36.15879821777344,36.988555908203125,7496216,A,False,2014-10-16
2014-10-17,37.31759643554688,38.2045783996582,37.21030044555664,37.38912582397461,5327498,A,False,2014-10-17
2014-10-20,37.24606704711914,37.467811584472656,36.38054275512695,37.44635009765625,6909196,A,False,2014-10-20
2014-10-22,37.90414810180664,38.648067474365234,37.90414810180664,37.94706726074219,6141414,,False,2014-10-22
2014-10-23,38.33333206176758,38.77682495117188,38.33333206176758,38.41917037963867,2453071,A,False,2014-10-23
2014-10-27,38.412017822265625,38.70529174804688,38.27610778808594,38.61945724487305,3653673,,False,2014-10-27
2014-10-28,38.71244430541992,39.105865478515625,38.540771484375,39.09871292114258,2394774,A,False,2014-10-28
2014-10-29,39.048641204833984,39.11301803588867,38.71960067749024,38.9842643737793,2074213,A,False,2014-10-29
2014-10-30,38.562232971191406,38.8984260559082,38.447784423828125,38.855506896972656,2883794,A,False,2014-10-30
2014-10-31,39.492130279541016,39.63519287109375,39.234619140625,39.54220199584961,2918744,A,False,2014-10-31
2014-11-05,39.97999954223633,41.2400016784668,39.97999954223633,40.130001068115234,12666400,,False,2014-11-05
2014-11-06,40.38999938964844,41.40999984741211,40.2599983215332,41.369998931884766,2968300,A,False,2014-11-06
2014-11-07,41.38999938964844,41.47999954223633,40.86000061035156,40.93000030517578,2458700,A,False,2014-11-07
2014-11-10,40.97999954223633,41.54999923706055,40.880001068115234,41.52999877929688,2583900,A,False,2014-11-10
2014-11-11,41.52000045776367,42.11000061035156,41.34000015258789,41.65999984741211,2163800,A,False,2014-11-11
2014-11-12,41.29999923706055,41.540000915527344,41.02000045776367,41.45000076293945,2504300,A,False,2014-11-12
2014-11-14,41.54999923706055,41.7400016784668,41.290000915527344,41.56999969482422,3136800,,False,2014-11-14
2014-11-17,41.56999969482422,41.70000076293945,41.209999084472656,41.2400016784668,2697200,A,False,2014-11-17
2014-11-18,40.25,41.15999984741211,40.04999923706055,40.79999923706055,5891400,A,False,2014-11-18
2014-11-20,40.81999969482422,41.43000030517578,40.70000076293945,41.2599983215332,6315900,,False,2014-11-20
2014-11-21,41.75,42.380001068115234,41.70000076293945,42.25,5306200,A,False,2014-11-21
2014-11-24,42.43999862670898,42.5,41.9900016784668,42.25,2122400,A,False,2014-11-24
2014-11-26,42.52999877929688,42.869998931884766,42.52999877929688,42.7400016784668,4466600,,False,2014-11-26
2014-11-28,42.7400016784668,42.9900016784668,42.59000015258789,42.7400016784668,1091800,A,False,2014-11-28
2014-12-01,42.68999862670898,42.72999954223633,41.58000183105469,41.59000015258789,4411200,A,False,2014-12-01
2014-12-02,41.59999847412109,42.09999847412109,41.54999923706055,41.97999954223633,2014400,A,False,2014-12-02
2014-12-03,41.97999954223633,42.369998931884766,41.81999969482422,42.22999954223633,2250300,A,False,2014-12-03
2014-12-05,42.150001525878906,42.68000030517578,42.08000183105469,42.29999923706055,2364500,,False,2014-12-05
2014-12-08,42.22999954223633,42.5099983215332,41.41999816894531,41.5099983215332,1425800,A,False,2014-12-08
2014-12-09,40.9900016784668,41.43000030517578,40.97999954223633,41.400001525878906,1798100,A,False,2014-12-09
2014-12-11,41.18000030517578,41.18000030517578,40.310001373291016,40.619998931884766,4290900,,False,2014-12-11
2014-12-12,40.20000076293945,40.619998931884766,39.709999084472656,39.720001220703125,2333400,A,False,2014-12-12
2014-12-15,40.06999969482422,40.16999816894531,38.650001525878906,38.68000030517578,4507400,A,False,2014-12-15
2014-12-17,38.29999923706055,39.47999954223633,38.09000015258789,39.47999954223633,7345300,,False,2014-12-17
2014-12-18,40.47999954223633,40.79999923706055,40.11000061035156,40.70000076293945,3104100,A,False,2014-12-18
2014-12-19,40.900001525878906,41.43000030517578,40.86000061035156,41.380001068115234,3736300,A,False,2014-12-19
2014-12-23,41.380001068115234,42.0099983215332,41.380001068115234,41.380001068115234,3453100,,False,2014-12-23
2014-12-24,41.41999816894531,41.52999877929688,40.959999084472656,41.130001068115234,1426900,A,False,2014-12-24
2014-12-31,41.34000015258789,41.790000915527344,41.310001373291016,41.310001373291016,4308500,,False,2014-12-31
2015-01-02,41.18000030517578,41.310001373291016,40.369998931884766,40.560001373291016,1529200,A,False,2015-01-02
2015-01-05,40.31999969482422,40.459999084472656,39.70000076293945,39.79999923706055,2041800,A,False,2015-01-05
2015-01-07,39.810001373291016,39.810001373291016,39.02000045776367,39.70000076293945,5440300,,False,2015-01-07
2015-01-08,40.2400016784668,40.97999954223633,40.18000030517578,40.88999938964844,2116300,A,False,2015-01-08
2015-01-09,41.0,41.0,40.290000915527344,40.59000015258789,1644900,A,False,2015-01-09
2015-01-12,40.61000061035156,40.720001220703125,39.95000076293945,40.11000061035156,2770800,A,False,2015-01-12
2015-01-13,40.470001220703125,40.70000076293945,39.33000183105469,39.54999923706055,2013100,A,False,2015-01-13
2015-01-15,39.02999877929688,39.09999847412109,37.9900016784668,38.0099983215332,7762900,,False,2015-01-15
2015-01-20,37.83000183105469,38.459999084472656,37.7599983215332,37.93000030517578,8037600,,False,2015-01-20
2015-01-21,37.75,38.40999984741211,37.68000030517578,38.15999984741211,2721600,A,False,2015-01-21
2015-01-23,38.7599983215332,39.86000061035156,38.7599983215332,38.810001373291016,6375900,,False,2015-01-23
2015-01-26,38.790000915527344,39.16999816894531,38.470001220703125,39.150001525878906,1510900,A,False,2015-01-26
2015-01-27,38.70000076293945,39.25,38.58000183105469,38.75,1703500,A,False,2015-01-27
2015-01-28,39.0099983215332,39.04999923706055,37.959999084472656,38.0,2033500,A,False,2015-01-28
2015-01-30,38.0,38.31999969482422,37.68999862670898,37.77000045776367,5384300,,False,2015-01-30
2015-02-02,37.900001525878906,38.7599983215332,37.709999084472656,38.68999862670898,2508500,A,False,2015-02-02
2015-02-03,39.040000915527344,39.630001068115234,38.91999816894531,39.619998931884766,2950400,A,False,2015-02-03
2015-02-04,39.33000183105469,39.459999084472656,38.81999969482422,39.11000061035156,2567400,A,False,2015-02-04
2015-02-06,39.22999954223633,39.81999969482422,39.22999954223633,39.34000015258789,4523500,,False,2015-02-06
2015-02-10,39.22999954223633,39.43000030517578,38.77999877929688,39.43000030517578,4994700,,False,2015-02-10
2015-02-11,39.63999938964844,39.810001373291016,39.22999954223633,39.33000183105469,3336800,A,False,2015-02-11
2015-02-12,39.58000183105469,40.060001373291016,39.52999877929688,40.02000045776367,1317700,A,False,2015-02-12
2015-02-17,39.970001220703125,40.52999877929688,39.90999984741211,40.52000045776367,5087700,,False,2015-02-17
2015-02-19,41.119998931884766,42.20000076293945,41.040000915527344,41.150001525878906,12744500,,False,2015-02-19
2015-02-23,41.09000015258789,41.959999084472656,40.880001068115234,41.72999954223633,4939800,,False,2015-02-23
2015-02-24,41.619998931884766,42.11000061035156,41.59999847412109,42.060001373291016,1922100,A,False,2015-02-24
2015-02-25,42.34000015258789,42.4900016784668,42.09000015258789,42.20000076293945,2343500,A,False,2015-02-25
2015-02-27,42.22999954223633,42.36000061035156,42.0,42.209999084472656,3181700,,False,2015-02-27
2015-03-02,42.34000015258789,42.7400016784668,42.34000015258789,42.70000076293945,1847100,A,False,2015-03-02
2015-03-03,42.45000076293945,42.56999969482422,42.13999938964844,42.2599983215332,1635400,A,False,2015-03-03
2015-03-04,41.95000076293945,42.15999984741211,41.72999954223633,42.0,1306000,A,False,2015-03-04
2015-03-05,41.9900016784668,42.2400016784668,41.84000015258789,42.220001220703125,1376500,A,False,2015-03-05
2015-03-06,41.95000076293945,42.04999923706055,41.4900016784668,41.52999877929688,1528600,A,False,2015-03-06
2015-03-09,41.540000915527344,41.88999938964844,41.43999862670898,41.7400016784668,1492400,A,False,2015-03-09
2015-03-11,41.130001068115234,41.130001068115234,40.630001068115234,40.84999847412109,4025700,,False,2015-03-11
2015-03-13,40.9900016784668,41.459999084472656,40.970001220703125,40.970001220703125,7424500,,False,2015-03-13
2015-03-16,41.15999984741211,41.83000183105469,41.11000061035156,41.810001373291016,2551400,A,False,2015-03-16
2015-03-17,41.52000045776367,41.68999862670898,41.060001373291016,41.58000183105469,1504900,A,False,2015-03-17
2015-03-19,41.81999969482422,42.380001068115234,41.81999969482422,42.209999084472656,2381300,,False,2015-03-19
2015-03-20,42.38999938964844,42.52999877929688,42.20000076293945,42.209999084472656,2315500,A,False,2015-03-20
2015-03-23,42.119998931884766,42.43999862670898,42.0,42.20000076293945,1835400,A,False,2015-03-23
2015-03-24,42.130001068115234,42.130001068115234,41.0099983215332,41.09000015258789,3626000,A,False,2015-03-24
2015-03-25,41.16999816894531,41.70000076293945,40.790000915527344,40.810001373291016,2776200,A,False,2015-03-25
2015-03-26,40.68000030517578,40.970001220703125,40.369998931884766,40.70000076293945,1573400,A,False,2015-03-26
2015-03-27,40.59999847412109,41.18000030517578,40.58000183105469,41.11000061035156,1932700,A,False,2015-03-27
2015-03-30,41.52000045776367,41.86000061035156,41.31999969482422,41.720001220703125,2064200,A,False,2015-03-30
2015-03-31,41.27999877929688,41.77999877929688,41.09999847412109,41.54999923706055,1659200,A,False,2015-03-31
2015-04-01,41.459999084472656,41.52000045776367,40.720001220703125,41.38999938964844,2170300,A,False,2015-04-01
2015-04-02,41.470001220703125,42.130001068115234,41.33000183105469,42.04999923706055,2135900,A,False,2015-04-02
2015-04-06,41.68000030517578,42.20000076293945,41.5099983215332,41.93000030517578,2379800,A,False,2015-04-06
2015-04-07,41.93999862670898,42.52000045776367,41.869998931884766,42.43999862670898,3072400,A,False,2015-04-07
2015-04-09,42.43000030517578,42.59000015258789,42.06999969482422,42.4900016784668,3775100,,False,2015-04-09
2015-04-10,42.79999923706055,43.560001373291016,42.56999969482422,43.54999923706055,3370600,A,False,2015-04-10
2015-04-13,43.59000015258789,43.59000015258789,42.9900016784668,43.040000915527344,3708600,A,False,2015-04-13
2015-04-14,42.959999084472656,43.20000076293945,42.58000183105469,43.06999969482422,1777700,A,False,2015-04-14
2015-04-15,43.27999877929688,43.560001373291016,43.18000030517578,43.380001068115234,1445600,A,False,2015-04-15
2015-04-16,43.13999938964844,43.36000061035156,43.060001373291016,43.130001068115234,1070200,A,False,2015-04-16
2015-04-17,42.7400016784668,43.04999923706055,42.59999847412109,42.97999954223633,2332500,A,False,2015-04-17
2015-04-21,43.33000183105469,43.5,43.150001525878906,43.150001525878906,3130300,,False,2015-04-21
2015-04-24,42.720001220703125,42.810001373291016,42.2400016784668,42.4900016784668,8899100,,False,2015-04-24
2015-04-27,42.7400016784668,42.77000045776367,41.970001220703125,41.97999954223633,2297800,A,False,2015-04-27
2015-04-28,41.869998931884766,42.310001373291016,41.56999969482422,42.18000030517578,1803500,A,False,2015-04-28
2015-04-29,42.040000915527344,42.20000076293945,41.43999862670898,41.959999084472656,2161000,A,False,2015-04-29
2015-05-01,41.83000183105469,41.93000030517578,41.11000061035156,41.83000183105469,3606500,,False,2015-05-01
2015-05-04,41.880001068115234,42.08000183105469,41.70000076293945,41.93999862670898,1073800,A,False,2015-05-04
2015-05-07,41.720001220703125,41.84999847412109,41.310001373291016,41.79999923706055,3189100,,False,2015-05-07
2015-05-08,42.22999954223633,42.52999877929688,42.209999084472656,42.5,1033800,A,False,2015-05-08
2015-05-11,42.38999938964844,42.83000183105469,42.38999938964844,42.619998931884766,975500,A,False,2015-05-11
2015-05-14,42.22999954223633,42.22999954223633,41.5,42.04999923706055,7494300,,False,2015-05-14
2015-05-19,42.13999938964844,42.83000183105469,41.9900016784668,42.369998931884766,9390800,,False,2015-05-19
2015-05-20,42.5,42.84000015258789,42.43000030517578,42.61000061035156,2652300,A,False,2015-05-20
2015-05-21,42.56999969482422,42.72999954223633,42.20000076293945,42.31999969482422,2126300,A,False,2015-05-21
2015-05-22,42.27000045776367,42.66999816894531,42.06999969482422,42.5,1484800,A,False,2015-05-22
2015-05-26,42.47999954223633,42.630001068115234,41.9900016784668,42.060001373291016,1919600,A,False,2015-05-26
2015-05-27,42.27000045776367,42.93000030517578,42.09999847412109,42.61000061035156,2506300,A,False,2015-05-27
2015-05-28,42.45000076293945,42.709999084472656,41.34999847412109,41.75,3347400,A,False,2015-05-28
2015-06-01,41.43000030517578,41.43000030517578,40.81999969482422,40.91999816894531,7462600,,False,2015-06-01
2015-06-02,40.93999862670898,41.13999938964844,40.66999816894531,41.11000061035156,2947500,A,False,2015-06-02
2015-06-03,41.310001373291016,41.36000061035156,40.93999862670898,41.09999847412109,2722100,A,False,2015-06-03
2015-06-05,40.66999816894531,40.66999816894531,40.0099983215332,40.310001373291016,5852200,,False,2015-06-05
2015-06-08,40.2599983215332,40.34999847412109,39.90999984741211,39.95000076293945,1353000,A,False,2015-06-08
2015-06-09,39.93000030517578,40.33000183105469,39.83000183105469,40.119998931884766,1439000,A,False,2015-06-09
2015-06-10,40.400001525878906,40.59000015258789,40.27000045776367,40.52000045776367,1789300,A,False,2015-06-10
2015-06-11,40.56999969482422,40.59999847412109,40.290000915527344,40.52999877929688,1577000,A,False,2015-06-11
2015-06-12,40.33000183105469,40.4900016784668,39.7400016784668,39.84000015258789,2769600,A,False,2015-06-12
2015-06-15,39.630001068115234,39.630001068115234,39.25,39.52000045776367,2361900,A,False,2015-06-15
2015-06-16,39.59000015258789,39.810001373291016,39.380001068115234,39.790000915527344,1422600,A,False,2015-06-16
2015-06-17,39.7599983215332,39.79999923706055,39.31999969482422,39.59999847412109,1519400,A,False,2015-06-17
2015-06-18,39.79999923706055,40.060001373291016,39.720001220703125,39.900001525878906,1865000,A,False,2015-06-18
2015-06-19,39.79999923706055,39.93999862670898,39.4900016784668,39.4900016784668,2658800,A,False,2015-06-19
2015-06-22,39.810001373291016,40.0099983215332,39.72999954223633,39.810001373291016,3909300,A,False,2015-06-22
2015-06-24,39.88999938964844,39.95000076293945,39.02999877929688,39.95000076293945,8181300,,False,2015-06-24
2015-06-26,39.79999923706055,40.52000045776367,39.77999877929688,40.02000045776367,8616300,,False,2015-06-26
2015-06-29,39.59999847412109,39.79999923706055,38.7400016784668,38.7400016784668,2516400,A,False,2015-06-29
2015-06-30,39.08000183105469,39.18999862670898,38.47999954223633,38.58000183105469,3037400,A,False,2015-06-30
2015-07-01,38.88999938964844,39.29999923706055,38.75,39.2599983215332,4486400,A,False,2015-07-01
2015-07-07,39.36000061035156,39.790000915527344,39.150001525878906,39.790000915527344,7598000,,False,2015-07-07
2015-07-09,39.33000183105469,39.33000183105469,38.709999084472656,38.91999816894531,5628900,,False,2015-07-09
2015-07-10,39.290000915527344,39.43999862670898,39.15999984741211,39.400001525878906,2107100,A,False,2015-07-10
2015-07-13,39.720001220703125,40.0,39.540000915527344,39.959999084472656,1579700,A,False,2015-07-13
2015-07-16,40.119998931884766,40.65999984741211,40.119998931884766,40.34000015258789,6874900,,False,2015-07-16
2015-07-20,40.130001068115234,40.130001068115234,39.84000015258789,40.060001373291016,3567600,,False,2015-07-20
2015-07-22,39.970001220703125,40.0099983215332,39.290000915527344,40.0099983215332,4110300,,False,2015-07-22
2015-07-23,40.369998931884766,40.369998931884766,40.0099983215332,40.25,1708800,A,False,2015-07-23
2015-07-24,40.11000061035156,40.16999816894531,39.220001220703125,39.310001373291016,1844900,A,False,2015-07-24
2015-07-27,39.040000915527344,39.650001525878906,38.61000061035156,39.61000061035156,5261300,A,False,2015-07-27
2015-07-28,40.0,40.470001220703125,39.5,40.45000076293945,2768200,A,False,2015-07-28
2015-07-30,40.5,41.04999923706055,40.2400016784668,40.970001220703125,4454500,,False,2015-07-30
2015-07-31,41.04999923706055,41.13999938964844,40.77999877929688,40.95000076293945,2247700,A,False,2015-07-31
2015-08-04,40.91999816894531,41.130001068115234,40.54999923706055,40.619998931884766,3552300,,False,2015-08-04
2015-08-05,40.93999862670898,41.18999862670898,40.68999862670898,40.720001220703125,949500,A,False,2015-08-05
2015-08-06,40.95000076293945,40.959999084472656,39.90999984741211,40.119998931884766,1932000,A,False,2015-08-06
2015-08-07,40.13999938964844,40.209999084472656,39.630001068115234,39.9900016784668,1513100,A,False,2015-08-07
2015-08-10,40.2400016784668,40.63999938964844,40.15999984741211,40.470001220703125,1554500,A,False,2015-08-10
2015-08-11,40.18999862670898,40.18999862670898,39.29999923706055,39.41999816894531,1575700,A,False,2015-08-11
2015-08-17,38.72999954223633,38.72999954223633,38.119998931884766,38.72999954223633,12214700,,False,2015-08-17
2015-08-18,39.11000061035156,40.34999847412109,39.0,39.02000045776367,6416900,A,False,2015-08-18
2015-08-19,38.68999862670898,38.810001373291016,38.29999923706055,38.400001525878906,2730400,A,False,2015-08-19
2015-08-20,38.0099983215332,38.310001373291016,37.5,37.5099983215332,2144600,A,False,2015-08-20
2015-08-21,37.130001068115234,37.4900016784668,36.16999816894531,36.22999954223633,3827500,A,False,2015-08-21
2015-08-24,33.869998931884766,36.0099983215332,33.56999969482422,34.68000030517578,4115000,A,False,2015-08-24
2015-08-26,35.68000030517578,36.16999816894531,34.470001220703125,35.619998931884766,7036500,,False,2015-08-26
2015-08-28,36.16999816894531,36.66999816894531,36.150001525878906,36.5099983215332,4189900,,False,2015-08-28
2015-08-31,36.43999862670898,36.54999923706055,35.95000076293945,36.310001373291016,2554700,A,False,2015-08-31
2015-09-02,35.29999923706055,35.529998779296875,34.56999969482422,35.529998779296875,5072200,,False,2015-09-02
2015-09-03,35.61000061035156,36.119998931884766,35.529998779296875,35.75,2140400,A,False,2015-09-03
2015-09-04,35.040000915527344,35.5099983215332,34.900001525878906,35.060001373291016,2819000,A,False,2015-09-04
2015-09-09,35.81999969482422,36.79999923706055,35.5099983215332,35.540000915527344,3672700,,False,2015-09-09
2015-09-14,35.61000061035156,35.959999084472656,35.31999969482422,35.54999923706055,5295300,,False,2015-09-14
2015-09-15,35.75,36.29999923706055,35.5099983215332,36.150001525878906,1752700,A,False,2015-09-15
2015-09-16,36.150001525878906,36.869998931884766,36.060001373291016,36.52000045776367,2130100,A,False,2015-09-16
2015-09-17,36.630001068115234,36.9900016784668,36.290000915527344,36.400001525878906,1819100,A,False,2015-09-17
2015-09-18,35.86000061035156,36.220001220703125,35.59000015258789,35.7400016784668,3352300,A,False,2015-09-18
2015-09-21,35.959999084472656,36.06999969482422,35.40999984741211,35.689998626708984,2640200,A,False,2015-09-21
2015-09-22,35.189998626708984,35.33000183105469,34.939998626708984,35.04999923706055,2283300,A,False,2015-09-22
2015-09-23,35.099998474121094,35.2400016784668,34.810001373291016,34.95000076293945,1962600,A,False,2015-09-23
2015-09-25,34.560001373291016,34.63999938964844,34.099998474121094,34.45000076293945,4759600,,False,2015-09-25
2015-09-28,34.130001068115234,34.27000045776367,33.31999969482422,33.369998931884766,2615400,A,False,2015-09-28
2015-09-29,33.36000061035156,34.060001373291016,33.2400016784668,33.7400016784668,2252400,A,False,2015-09-29
2015-10-02,34.08000183105469,34.68000030517578,33.66999816894531,34.66999816894531,9076500,,False,2015-10-02
2015-10-05,35.040000915527344,35.38999938964844,34.84000015258789,35.34000015258789,1675400,A,False,2015-10-05
2015-10-06,35.130001068115234,35.209999084472656,34.529998779296875,34.900001525878906,1833700,A,False,2015-10-06
2015-10-07,35.20000076293945,35.779998779296875,35.099998474121094,35.540000915527344,3085400,A,False,2015-10-07
2015-10-08,35.38999938964844,36.06999969482422,35.34000015258789,36.0099983215332,2597900,A,False,2015-10-08
2015-10-09,35.939998626708984,36.34000015258789,35.880001068115234,36.22999954223633,3232900,A,False,2015-10-09
2015-10-13,36.08000183105469,36.18000030517578,35.529998779296875,35.630001068115234,3733100,,False,2015-10-13
2015-10-14,35.63999938964844,35.77000045776367,34.970001220703125,35.04999923706055,1647400,A,False,2015-10-14
2015-10-15,35.119998931884766,35.68000030517578,34.790000915527344,35.58000183105469,1433000,A,False,2015-10-15
2015-10-16,35.689998626708984,36.02000045776367,35.369998931884766,35.779998779296875,1754300,A,False,2015-10-16
2015-10-19,35.689998626708984,36.22999954223633,35.59000015258789,36.22999954223633,3685800,A,False,2015-10-19
2015-10-22,36.11000061035156,36.95000076293945,36.02999877929688,36.09000015258789,9218400,,False,2015-10-22
2015-10-26,36.68999862670898,37.27000045776367,36.68999862670898,36.83000183105469,4681000,,False,2015-10-26
2015-10-27,36.66999816894531,37.060001373291016,36.470001220703125,37.04999923706055,2557200,A,False,2015-10-27
2015-10-28,37.060001373291016,37.61000061035156,36.77000045776367,37.52000045776367,1780100,A,False,2015-10-28
2015-10-29,37.470001220703125,37.77000045776367,37.27999877929688,37.70000076293945,1352300,A,False,2015-10-29
2015-10-30,37.720001220703125,38.09999847412109,37.68000030517578,37.7599983215332,2194600,A,False,2015-10-30
2015-11-03,38.15999984741211,38.619998931884766,38.15999984741211,38.27000045776367,3296600,,False,2015-11-03
2015-11-06,38.33000183105469,38.43999862670898,37.93000030517578,38.13999938964844,4953500,,False,2015-11-06
2015-11-09,38.040000915527344,38.08000183105469,37.47999954223633,37.91999816894531,3109600,A,False,2015-11-09
2015-11-11,37.88999938964844,38.220001220703125,37.68999862670898,37.68999862670898,6306600,,False,2015-11-11
2015-11-12,37.36000061035156,37.77000045776367,37.2400016784668,37.4900016784668,3096300,A,False,2015-11-12
2015-11-13,37.38999938964844,37.56999969482422,36.630001068115234,36.77000045776367,3335100,A,False,2015-11-13
2015-11-17,36.75,37.4900016784668,36.5,37.4900016784668,10169700,,False,2015-11-17
2015-11-20,38.52000045776367,39.70000076293945,38.52000045776367,39.27999877929688,19312000,,False,2015-11-20
2015-11-23,39.290000915527344,40.06999969482422,39.13999938964844,40.02999877929688,6473400,A,False,2015-11-23
2015-11-24,39.810001373291016,40.720001220703125,39.72999954223633,40.66999816894531,5669100,A,False,2015-11-24
2015-11-25,40.59000015258789,41.5,40.470001220703125,41.34000015258789,3797000,A,False,2015-11-25
2015-12-01,41.61000061035156,42.310001373291016,41.61000061035156,41.61000061035156,13132700,,False,2015-12-01
2015-12-02,41.06999969482422,41.459999084472656,40.369998931884766,40.41999816894531,4713200,A,False,2015-12-02
2015-12-03,40.63999938964844,40.7400016784668,39.95000076293945,40.150001525878906,3314500,A,False,2015-12-03
2015-12-08,40.540000915527344,41.27999877929688,40.540000915527344,41.16999816894531,8855400,,False,2015-12-08
2015-12-09,41.25,41.79999923706055,40.90999984741211,40.97999954223633,4133300,A,False,2015-12-09
2015-12-10,40.959999084472656,41.65999984741211,40.650001525878906,41.25,3709200,A,False,2015-12-10
2015-12-11,40.75,40.75,40.060001373291016,40.18999862670898,2634400,A,False,2015-12-11
2015-12-14,40.220001220703125,40.540000915527344,39.900001525878906,40.25,2310500,A,False,2015-12-14
2015-12-15,40.75,41.09999847412109,40.560001373291016,40.810001373291016,2195400,A,False,2015-12-15
2015-12-16,41.0099983215332,41.56999969482422,40.66999816894531,41.43000030517578,2582600,A,False,2015-12-16
2015-12-17,41.54999923706055,41.630001068115234,40.77000045776367,40.77999877929688,2218800,A,False,2015-12-17
2015-12-18,40.560001373291016,40.709999084472656,40.08000183105469,40.09999847412109,3364800,A,False,2015-12-18
2015-12-21,40.5099983215332,41.119998931884766,40.43999862670898,40.83000183105469,1734500,A,False,2015-12-21
2015-12-22,41.0099983215332,41.33000183105469,40.720001220703125,41.220001220703125,1643200,A,False,2015-12-22
2015-12-23,41.619998931884766,41.86000061035156,41.38999938964844,41.77000045776367,1510700,A,False,2015-12-23
2015-12-24,41.790000915527344,42.2599983215332,41.66999816894531,42.13999938964844,874500,A,False,2015-12-24
2015-12-28,42.02000045776367,42.08000183105469,41.52000045776367,41.77999877929688,1458200,A,False,2015-12-28
2015-12-30,42.08000183105469,42.47999954223633,42.0099983215332,42.16999816894531,2591300,,False,2015-12-30
2015-12-31,41.900001525878906,42.34999847412109,41.720001220703125,41.810001373291016,1451000,A,False,2015-12-31
2016-01-06,40.95000076293945,40.95000076293945,40.04999923706055,40.72999954223633,7978100,,False,2016-01-06
2016-01-07,40.13999938964844,40.150001525878906,38.810001373291016,39.0,3504300,A,False,2016-01-07
2016-01-08,39.220001220703125,39.709999084472656,38.470001220703125,38.59000015258789,3736700,A,False,2016-01-08
2016-01-12,38.58000183105469,38.58000183105469,37.40999984741211,38.18999862670898,4807800,,False,2016-01-12
2016-01-13,38.34999847412109,38.470001220703125,36.720001220703125,36.86000061035156,4206600,A,False,2016-01-13
2016-01-15,36.93999862670898,37.560001373291016,36.54999923706055,37.11000061035156,5887700,,False,2016-01-15
2016-01-19,37.63999938964844,37.91999816894531,36.790000915527344,37.20000076293945,2506500,A,False,2016-01-19
2016-01-20,36.68000030517578,37.61000061035156,36.130001068115234,37.2599983215332,2469100,A,False,2016-01-20
2016-01-21,37.34999847412109,37.83000183105469,36.810001373291016,37.22999954223633,2298400,A,False,2016-01-21
2016-01-22,37.90999984741211,38.18000030517578,37.58000183105469,37.97999954223633,1834500,A,False,2016-01-22
2016-01-25,37.400001525878906,38.02999877929688,37.400001525878906,37.61000061035156,1831200,A,False,2016-01-25
2016-01-26,37.88999938964844,37.959999084472656,37.36000061035156,37.5099983215332,1754900,A,False,2016-01-26
2016-01-27,37.38999938964844,37.91999816894531,36.810001373291016,37.04999923706055,1479400,A,False,2016-01-27
2016-01-28,37.27000045776367,37.27000045776367,36.0099983215332,36.11000061035156,3479400,A,False,2016-01-28
2016-01-29,36.43999862670898,37.68999862670898,36.310001373291016,37.650001525878906,2959900,A,False,2016-01-29
2016-02-01,37.369998931884766,37.95000076293945,37.0,37.68999862670898,2666200,A,False,2016-02-01
2016-02-02,37.18000030517578,37.54999923706055,36.95000076293945,37.06999969482422,1742300,A,False,2016-02-02
2016-02-03,37.27000045776367,37.36000061035156,36.290000915527344,37.18999862670898,2128100,A,False,2016-02-03
2016-02-04,37.150001525878906,37.790000915527344,36.970001220703125,37.41999816894531,2833500,A,False,2016-02-04
2016-02-05,37.2599983215332,37.310001373291016,35.83000183105469,36.040000915527344,4424600,A,False,2016-02-05
2016-02-08,35.61000061035156,35.779998779296875,34.38999938964844,34.79999923706055,3888600,A,False,2016-02-08
2016-02-09,34.209999084472656,35.77000045776367,34.150001525878906,35.369998931884766,3464500,A,False,2016-02-09
2016-02-10,35.630001068115234,36.72999954223633,35.529998779296875,35.849998474121094,3170000,A,False,2016-02-10
2016-02-11,35.119998931884766,35.61000061035156,34.939998626708984,35.33000183105469,3224000,A,False,2016-02-11
2016-02-12,35.84000015258789,36.22999954223633,35.52000045776367,36.220001220703125,3923600,A,False,2016-02-12
2016-02-18,37.09000015258789,38.130001068115234,37.09000015258789,37.18999862670898,10517400,,False,2016-02-18
2016-02-19,36.97999954223633,37.59999847412109,36.84999847412109,37.43999862670898,2339400,A,False,2016-02-19
2016-02-22,37.880001068115234,38.18999862670898,37.77999877929688,38.02999877929688,1792500,A,False,2016-02-22
2016-02-23,37.63999938964844,37.959999084472656,36.95000076293945,37.16999816894531,1282300,A,False,2016-02-23
2016-02-24,36.650001525878906,37.5,36.470001220703125,37.47999954223633,1454900,A,False,2016-02-24
2016-02-25,37.619998931884766,37.709999084472656,36.959999084472656,37.630001068115234,1453500,A,False,2016-02-25
2016-02-26,37.75,37.91999816894531,37.43999862670898,37.59000015258789,944200,A,False,2016-02-26
2016-02-29,37.59000015258789,37.70000076293945,37.33000183105469,37.34999847412109,2187500,A,False,2016-02-29
2016-03-01,37.630001068115234,38.65999984741211,37.61000061035156,38.59000015258789,2759500,A,False,2016-03-01
2016-03-03,38.7400016784668,39.27000045776367,38.7400016784668,39.20000076293945,4559100,,False,2016-03-03
2016-03-07,39.13999938964844,39.68000030517578,39.02999877929688,39.43000030517578,2346600,,False,2016-03-07
2016-03-08,38.970001220703125,39.130001068115234,38.0099983215332,38.09000015258789,1801500,A,False,2016-03-08
2016-03-10,38.310001373291016,38.400001525878906,37.619998931884766,37.97999954223633,3229600,,False,2016-03-10
2016-03-14,38.43000030517578,39.27000045776367,38.40999984741211,39.02000045776367,2446900,,False,2016-03-14
2016-03-16,38.59000015258789,38.709999084472656,38.02000045776367,38.709999084472656,3015500,,False,2016-03-16
2016-03-17,39.060001373291016,39.43999862670898,38.59000015258789,39.290000915527344,1895700,A,False,2016-03-17
2016-03-21,39.63999938964844,40.47999954223633,39.63999938964844,39.650001525878906,4677000,,False,2016-03-21
2016-03-22,39.560001373291016,40.040000915527344,39.45000076293945,39.880001068115234,1552300,A,False,2016-03-22
2016-03-23,39.900001525878906,39.9900016784668,39.369998931884766,39.470001220703125,1554800,A,False,2016-03-23
2016-03-24,39.15999984741211,39.45000076293945,38.88999938964844,39.43000030517578,993500,A,False,2016-03-24
2016-03-29,39.540000915527344,40.220001220703125,39.13999938964844,40.15999984741211,2363900,,False,2016-03-29
2016-03-30,40.36000061035156,40.58000183105469,39.88999938964844,40.119998931884766,783400,A,False,2016-03-30
2016-04-01,40.0099983215332,40.09999847412109,39.5,40.09999847412109,6001300,,False,2016-04-01
2016-04-04,40.31999969482422,40.52000045776367,39.79999923706055,40.0099983215332,2958100,A,False,2016-04-04
2016-04-06,39.72999954223633,39.88999938964844,39.16999816894531,39.88999938964844,3467300,,False,2016-04-06
2016-04-08,39.88999938964844,40.09999847412109,39.400001525878906,39.540000915527344,2480100,,False,2016-04-08
2016-04-11,39.86000061035156,40.0,39.34999847412109,39.40999984741211,1049300,A,False,2016-04-11
2016-04-12,39.470001220703125,39.83000183105469,39.34000015258789,39.75,992500,A,False,2016-04-12
2016-04-13,39.52000045776367,41.0,39.5,40.68999862670898,2494600,A,False,2016-04-13
2016-04-18,40.86000061035156,41.45000076293945,40.630001068115234,41.310001373291016,4326200,,False,2016-04-18
2016-04-20,41.29999923706055,41.7400016784668,41.29999923706055,41.52000045776367,2884500,,False,2016-04-20
2016-04-22,41.54999923706055,42.0,41.54999923706055,41.79999923706055,3066700,,False,2016-04-22
2016-04-26,41.709999084472656,41.86000061035156,41.2599983215332,41.31999969482422,3369400,,False,2016-04-26
2016-04-27,41.34999847412109,41.75,41.040000915527344,41.58000183105469,1189300,A,False,2016-04-27
2016-04-28,41.25,41.77999877929688,41.060001373291016,41.18000030517578,1549800,A,False,2016-04-28
2016-04-29,40.91999816894531,41.040000915527344,40.2599983215332,40.91999816894531,2027900,A,False,2016-04-29
2016-05-02,41.20000076293945,41.75,41.130001068115234,41.709999084472656,1285300,A,False,2016-05-02
2016-05-03,41.31999969482422,41.4900016784668,40.90999984741211,41.2400016784668,1334000,A,False,2016-05-03
2016-05-05,40.810001373291016,41.02999877929688,40.38999938964844,40.959999084472656,2687000,,False,2016-05-05
2016-05-06,40.86000061035156,41.619998931884766,40.720001220703125,41.43000030517578,1403500,A,False,2016-05-06
2016-05-09,41.5099983215332,41.77999877929688,41.290000915527344,41.33000183105469,1741500,A,False,2016-05-09
2016-05-10,41.5,42.0,41.34999847412109,42.0,2094300,A,False,2016-05-10
2016-05-12,42.41999816894531,43.20000076293945,42.41999816894531,42.72999954223633,5833900,,False,2016-05-12
2016-05-13,42.54999923706055,42.93000030517578,42.38999938964844,42.619998931884766,2430600,A,False,2016-05-13
2016-05-16,42.61000061035156,43.06999969482422,42.5,42.93999862670898,3979300,A,False,2016-05-16
2016-05-18,44.959999084472656,45.34000015258789,43.9900016784668,44.31999969482422,10606900,,False,2016-05-18
2016-05-19,44.06999969482422,44.81999969482422,43.97999954223633,44.560001373291016,3659500,A,False,2016-05-19
2016-05-20,44.86000061035156,45.220001220703125,44.68999862670898,44.88999938964844,2567400,A,False,2016-05-20
2016-05-23,44.88999938964844,44.959999084472656,44.52999877929688,44.56999969482422,1689700,A,False,2016-05-23
2016-05-24,44.7599983215332,45.290000915527344,44.70000076293945,45.02999877929688,3236300,A,False,2016-05-24
2016-05-26,45.20000076293945,45.61000061035156,45.20000076293945,45.5099983215332,4922000,,False,2016-05-26
2016-05-27,45.54999923706055,45.84999847412109,45.369998931884766,45.81999969482422,1822700,A,False,2016-05-27
2016-06-01,45.790000915527344,46.09999847412109,45.58000183105469,45.95000076293945,3990000,,False,2016-06-01
2016-06-02,45.90999984741211,46.150001525878906,45.81999969482422,45.900001525878906,2209400,A,False,2016-06-02
2016-06-03,45.72999954223633,45.84999847412109,45.18999862670898,45.720001220703125,2395100,A,False,2016-06-03
2016-06-06,45.720001220703125,46.0099983215332,45.720001220703125,45.86000061035156,2359000,A,False,2016-06-06
2016-06-07,45.810001373291016,45.95000076293945,45.61000061035156,45.75,1500400,A,False,2016-06-07
2016-06-09,45.880001068115234,46.18000030517578,45.880001068115234,46.09000015258789,2756000,,False,2016-06-09
2016-06-10,45.72999954223633,45.77999877929688,45.18999862670898,45.36000061035156,1261700,A,False,2016-06-10
2016-06-13,45.31999969482422,45.52000045776367,44.90999984741211,44.91999816894531,1272800,A,False,2016-06-13
2016-06-14,44.70000076293945,44.95000076293945,44.560001373291016,44.90999984741211,1624100,A,False,2016-06-14
2016-06-16,45.11000061035156,45.43000030517578,44.900001525878906,45.369998931884766,3813900,,False,2016-06-16
2016-06-17,45.41999816894531,45.41999816894531,44.869998931884766,45.36000061035156,3434800,A,False,2016-06-17
2016-06-21,45.7599983215332,46.34999847412109,45.7599983215332,46.15999984741211,5274200,,False,2016-06-21
2016-06-22,46.150001525878906,46.470001220703125,45.95000076293945,46.02999877929688,2411900,A,False,2016-06-22
2016-06-23,46.5,46.68000030517578,46.38999938964844,46.68000030517578,1487900,A,False,2016-06-23
2016-06-24,44.560001373291016,45.06999969482422,43.91999816894531,44.119998931884766,5263600,A,False,2016-06-24
2016-06-28,43.11000061035156,43.11000061035156,41.97999954223633,43.11000061035156,8628900,,False,2016-06-28
2016-06-29,43.54999923706055,43.97999954223633,43.18999862670898,43.7599983215332,2402600,A,False,2016-06-29
2016-06-30,43.68000030517578,44.400001525878906,43.59000015258789,44.36000061035156,2181100,A,False,2016-06-30
2016-07-01,44.36000061035156,44.79999923706055,44.310001373291016,44.59999847412109,1591500,A,False,2016-07-01
2016-07-06,44.310001373291016,44.34999847412109,43.36000061035156,44.34999847412109,4125600,,False,2016-07-06
2016-07-07,44.470001220703125,44.7400016784668,44.18000030517578,44.41999816894531,1860700,A,False,2016-07-07
2016-07-08,44.86000061035156,45.54999923706055,44.86000061035156,45.47999954223633,1838100,A,False,2016-07-08
2016-07-11,45.61000061035156,45.77000045776367,45.34999847412109,45.400001525878906,1094700,A,False,2016-07-11
2016-07-12,45.77000045776367,46.65999984741211,45.63999938964844,46.52999877929688,2237700,A,False,2016-07-12
2016-07-13,46.63999938964844,46.81999969482422,46.33000183105469,46.40999984741211,1852400,A,False,2016-07-13
2016-07-14,46.86000061035156,46.97999954223633,46.68999862670898,46.79999923706055,1192500,A,False,2016-07-14
2016-07-15,46.959999084472656,46.959999084472656,46.54999923706055,46.66999816894531,1202100,A,False,2016-07-15
2016-07-18,46.59999847412109,46.880001068115234,46.34000015258789,46.79999923706055,1362900,A,False,2016-07-18
2016-07-19,46.66999816894531,47.0,46.4900016784668,46.97999954223633,2583900,A,False,2016-07-19
2016-07-20,46.959999084472656,47.18000030517578,46.81999969482422,47.0099983215332,2124600,A,False,2016-07-20
2016-07-21,46.97999954223633,47.13999938964844,46.470001220703125,46.66999816894531,1218400,A,False,2016-07-21
2016-07-22,46.720001220703125,46.790000915527344,46.41999816894531,46.58000183105469,1512400,A,False,2016-07-22
2016-07-26,46.4900016784668,46.52000045776367,45.790000915527344,46.52000045776367,3512500,,False,2016-07-26
2016-07-27,47.0,47.459999084472656,46.72999954223633,47.2599983215332,1572600,A,False,2016-07-27
2016-07-28,47.18999862670898,47.75,47.02000045776367,47.5099983215332,1944800,A,False,2016-07-28
2016-08-01,47.619998931884766,48.18000030517578,47.619998931884766,47.869998931884766,3486000,,False,2016-08-01
2016-08-02,47.709999084472656,47.75,46.970001220703125,47.18000030517578,1595900,A,False,2016-08-02
2016-08-04,47.09999847412109,47.18000030517578,46.7400016784668,46.83000183105469,3209100,,False,2016-08-04
2016-08-05,47.09999847412109,47.540000915527344,47.09999847412109,47.4900016784668,1250700,A,False,2016-08-05
2016-08-08,47.56999969482422,47.66999816894531,47.13999938964844,47.22999954223633,1311700,A,False,2016-08-08
2016-08-10,47.11000061035156,47.58000183105469,47.11000061035156,47.5099983215332,1760300,,False,2016-08-10
2016-08-11,47.619998931884766,48.18999862670898,47.470001220703125,48.130001068115234,1377000,A,False,2016-08-11
2016-08-12,47.970001220703125,48.20000076293945,47.70000076293945,48.13999938964844,1538600,A,False,2016-08-12
2016-08-17,48.16999816894531,48.630001068115234,48.119998931884766,48.43000030517578,8654400,,False,2016-08-17
2016-08-18,46.880001068115234,47.34000015258789,46.09000015258789,46.720001220703125,4660000,A,False,2016-08-18
2016-08-19,46.58000183105469,47.790000915527344,46.56999969482422,47.619998931884766,3340400,A,False,2016-08-19
2016-08-22,47.630001068115234,47.84999847412109,47.380001068115234,47.58000183105469,1626800,A,False,2016-08-22
2016-08-23,47.72999954223633,48.09000015258789,47.68000030517578,47.81999969482422,1645100,A,False,2016-08-23
2016-08-24,47.7400016784668,47.81999969482422,46.630001068115234,46.70000076293945,2634700,A,False,2016-08-24
2016-08-25,46.66999816894531,47.41999816894531,46.61000061035156,47.2599983215332,2160100,A,False,2016-08-25
2016-08-26,47.40999984741211,47.790000915527344,47.06999969482422,47.31999969482422,1581200,A,False,2016-08-26
2016-08-29,47.45000076293945,47.88999938964844,47.310001373291016,47.619998931884766,1333000,A,False,2016-08-29
2016-08-30,47.65999984741211,47.810001373291016,47.08000183105469,47.13999938964844,2231200,A,False,2016-08-30
2016-09-01,47.119998931884766,47.18999862670898,46.810001373291016,46.9900016784668,2934500,,False,2016-09-01
2016-09-02,47.22999954223633,47.38999938964844,46.88999938964844,47.0,1424500,A,False,2016-09-02
2016-09-06,46.900001525878906,47.11000061035156,46.720001220703125,46.95000076293945,1460900,A,False,2016-09-06
2016-09-08,47.06999969482422,47.16999816894531,46.93999862670898,47.02000045776367,2427100,,False,2016-09-08
2016-09-09,46.5099983215332,46.52999877929688,44.869998931884766,44.880001068115234,2507000,A,False,2016-09-09
2016-09-14,44.59000015258789,45.09999847412109,44.470001220703125,44.86000061035156,6902000,,False,2016-09-14
2016-09-15,44.86000061035156,45.68000030517578,44.810001373291016,45.43999862670898,1734000,A,False,2016-09-15
2016-09-16,45.38999938964844,45.38999938964844,44.7400016784668,44.790000915527344,2592900,A,False,2016-09-16
2016-09-19,44.900001525878906,45.47999954223633,44.86000061035156,44.95000076293945,1927900,A,False,2016-09-19
2016-09-20,45.33000183105469,45.95000076293945,45.150001525878906,45.709999084472656,2333000,A,False,2016-09-20
2016-09-21,45.97999954223633,46.25,45.40999984741211,46.040000915527344,1612600,A,False,2016-09-21
2016-09-22,46.380001068115234,46.70000076293945,46.290000915527344,46.66999816894531,1306400,A,False,2016-09-22
2016-09-23,46.43000030517578,46.869998931884766,46.310001373291016,46.61000061035156,1957000,A,False,2016-09-23
2016-09-27,46.459999084472656,46.709999084472656,46.15999984741211,46.70000076293945,4226200,,False,2016-09-27
2016-10-03,46.900001525878906,47.31999969482422,46.81999969482422,47.13999938964844,6733800,,False,2016-10-03
2016-10-04,47.06999969482422,47.29999923706055,46.66999816894531,46.83000183105469,1764000,A,False,2016-10-04
2016-10-06,47.040000915527344,47.43000030517578,46.93000030517578,47.29999923706055,3204700,,False,2016-10-06
2016-10-07,47.33000183105469,47.4900016784668,46.9900016784668,47.380001068115234,1663100,A,False,2016-10-07
2016-10-10,47.58000183105469,48.150001525878906,47.54999923706055,47.68999862670898,1544900,A,False,2016-10-10
2016-10-12,45.81999969482422,45.81999969482422,45.41999816894531,45.470001220703125,4648600,,False,2016-10-12
2016-10-13,44.84000015258789,45.31999969482422,44.7599983215332,45.15999984741211,1336000,A,False,2016-10-13
2016-10-14,45.380001068115234,45.619998931884766,45.08000183105469,45.08000183105469,997100,A,False,2016-10-14
2016-10-17,45.08000183105469,45.470001220703125,45.0,45.150001525878906,1160300,A,False,2016-10-17
2016-10-18,45.70000076293945,45.83000183105469,45.27000045776367,45.43999862670898,1949100,A,False,2016-10-18
2016-10-19,45.40999984741211,46.150001525878906,45.34000015258789,46.02000045776367,1769000,A,False,2016-10-19
2016-10-20,46.0,46.220001220703125,45.650001525878906,46.04999923706055,1493600,A,False,2016-10-20
2016-10-21,45.66999816894531,45.66999816894531,45.290000915527344,45.56999969482422,1011300,A,False,2016-10-21
2016-10-24,45.880001068115234,45.95000076293945,45.63999938964844,45.84999847412109,1666400,A,False,2016-10-24
2016-10-26,43.81999969482422,43.81999969482422,43.16999816894531,43.369998931884766,6095700,,False,2016-10-26
2016-10-27,43.970001220703125,44.18999862670898,43.34999847412109,43.380001068115234,2392800,A,False,2016-10-27
2016-10-31,43.380001068115234,43.70000076293945,43.11000061035156,43.56999969482422,3027300,,False,2016-10-31
2016-11-02,43.72999954223633,44.11000061035156,43.2400016784668,43.2599983215332,4373400,,False,2016-11-02
2016-11-03,43.33000183105469,44.0,43.18000030517578,43.65999984741211,2510100,A,False,2016-11-03
2016-11-04,43.68999862670898,44.91999816894531,43.68999862670898,44.31999969482422,2220900,A,False,2016-11-04
2016-11-07,44.9900016784668,45.7599983215332,44.95000076293945,45.709999084472656,1724000,A,False,2016-11-07
2016-11-09,45.47999954223633,46.09000015258789,45.31999969482422,45.93999862670898,5637900,,False,2016-11-09
2016-11-10,46.59999847412109,47.380001068115234,46.34000015258789,47.02999877929688,2558700,A,False,2016-11-10
2016-11-11,46.77000045776367,46.869998931884766,46.209999084472656,46.369998931884766,2219300,A,False,2016-11-11
2016-11-14,46.65999984741211,46.72999954223633,45.18000030517578,45.33000183105469,3443200,A,False,2016-11-14
2016-11-15,45.33000183105469,46.0,44.95000076293945,45.400001525878906,4710200,A,False,2016-11-15
2016-11-16,46.29999923706055,47.79999923706055,46.150001525878906,46.18000030517578,4026800,A,False,2016-11-16
2016-11-18,46.15999984741211,46.15999984741211,45.0099983215332,45.040000915527344,5219100,,False,2016-11-18
2016-11-21,45.220001220703125,45.2400016784668,44.650001525878906,44.970001220703125,2540100,A,False,2016-11-21
2016-11-23,44.77999877929688,44.77999877929688,43.77000045776367,44.650001525878906,4757500,,False,2016-11-23
2016-11-25,44.7400016784668,45.0099983215332,44.619998931884766,44.88999938964844,877100,A,False,2016-11-25
2016-11-28,44.52000045776367,44.68999862670898,43.58000183105469,43.59999847412109,2241800,A,False,2016-11-28
2016-11-29,43.59999847412109,44.630001068115234,43.52000045776367,44.47999954223633,1951900,A,False,2016-11-29
2016-11-30,44.790000915527344,44.900001525878906,43.93999862670898,43.97999954223633,2238600,A,False,2016-11-30
2016-12-02,44.08000183105469,44.09000015258789,42.91999816894531,44.02999877929688,4976300,,False,2016-12-02
2016-12-07,44.209999084472656,44.9900016784668,44.209999084472656,44.9900016784668,5446900,,False,2016-12-07
2016-12-08,44.9900016784668,45.83000183105469,44.77000045776367,45.79999923706055,1848400,A,False,2016-12-08
2016-12-09,45.90999984741211,46.31999969482422,45.84999847412109,46.29999923706055,1937500,A,False,2016-12-09
2016-12-14,46.18000030517578,46.790000915527344,46.15999984741211,46.15999984741211,5630300,,False,2016-12-14
2016-12-16,46.08000183105469,46.77000045776367,45.810001373291016,45.90999984741211,3442100,,False,2016-12-16
2016-12-19,45.88999938964844,46.220001220703125,45.36000061035156,45.43000030517578,1084200,A,False,2016-12-19
2016-12-20,45.75,46.310001373291016,45.540000915527344,46.209999084472656,1552400,A,False,2016-12-20
2016-12-21,46.209999084472656,46.36000061035156,45.86000061035156,46.040000915527344,1652300,A,False,2016-12-21
2016-12-22,45.93000030517578,46.130001068115234,45.79999923706055,45.970001220703125,968300,A,False,2016-12-22
2016-12-23,46.08000183105469,46.22999954223633,45.93000030517578,46.20000076293945,727700,A,False,2016-12-23
2016-12-28,46.369998931884766,46.70000076293945,46.31999969482422,46.31999969482422,2712800,,False,2016-12-28
2016-12-29,45.68000030517578,46.0,45.56999969482422,45.63999938964844,891000,A,False,2016-12-29
2016-12-30,45.7599983215332,45.81999969482422,45.380001068115234,45.560001373291016,1216100,A,False,2016-12-30
2017-01-03,45.93000030517578,46.75,45.7400016784668,46.4900016784668,1739600,A,False,2017-01-03
2017-01-04,46.93000030517578,47.380001068115234,46.81999969482422,47.09999847412109,1821300,A,False,2017-01-04
2017-01-05,47.04999923706055,47.06999969482422,46.36000061035156,46.540000915527344,1503700,A,False,2017-01-05
2017-01-06,46.630001068115234,48.06999969482422,46.560001373291016,47.9900016784668,2883400,A,False,2017-01-06
2017-01-09,48.0099983215332,48.560001373291016,47.90999984741211,48.13999938964844,2575300,A,False,2017-01-09
2017-01-10,48.34000015258789,48.540000915527344,47.81999969482422,48.09999847412109,1560500,A,False,2017-01-10
2017-01-13,48.40999984741211,49.47999954223633,48.40999984741211,48.68999862670898,10469700,,False,2017-01-13
2017-01-18,48.369998931884766,48.720001220703125,48.0,48.25,3462300,,False,2017-01-18
2017-01-19,48.040000915527344,48.09000015258789,47.5099983215332,47.63999938964844,1346100,A,False,2017-01-19
2017-01-20,47.83000183105469,47.93000030517578,47.40999984741211,47.619998931884766,1701700,A,False,2017-01-20
2017-01-24,47.59999847412109,47.83000183105469,47.04999923706055,47.34999847412109,4755800,,False,2017-01-24
2017-01-25,47.59999847412109,48.41999816894531,47.40999984741211,48.40999984741211,3073200,A,False,2017-01-25
2017-01-26,48.41999816894531,48.43000030517578,47.91999816894531,48.16999816894531,1895400,A,False,2017-01-26
2017-01-27,48.31999969482422,48.83000183105469,48.29999923706055,48.650001525878906,1527800,A,False,2017-01-27
2017-01-30,48.47999954223633,48.54999923706055,47.38999938964844,47.66999816894531,2266500,A,False,2017-01-30
2017-01-31,48.040000915527344,49.150001525878906,48.0099983215332,48.970001220703125,2552600,A,False,2017-01-31
2017-02-01,48.93000030517578,49.810001373291016,48.68000030517578,49.2599983215332,2244600,A,False,2017-02-01
2017-02-02,48.880001068115234,49.0,48.470001220703125,48.900001525878906,1352200,A,False,2017-02-02
2017-02-03,49.09000015258789,49.470001220703125,49.060001373291016,49.380001068115234,1191800,A,False,2017-02-03
2017-02-06,49.130001068115234,49.380001068115234,48.959999084472656,49.27000045776367,952100,A,False,2017-02-06
2017-02-08,49.41999816894531,50.02999877929688,49.2599983215332,49.93000030517578,4277800,,False,2017-02-08
2017-02-10,50.02000045776367,50.79999923706055,50.02000045776367,50.36000061035156,4650200,,False,2017-02-10
2017-02-13,50.630001068115234,50.88999938964844,50.41999816894531,50.52000045776367,1568300,A,False,2017-02-13
2017-02-14,50.2400016784668,50.68000030517578,50.09000015258789,50.38999938964844,3546900,A,False,2017-02-14
2017-02-15,51.13999938964844,51.84000015258789,50.619998931884766,51.619998931884766,5724500,A,False,2017-02-15
2017-02-17,51.63999938964844,51.63999938964844,50.560001373291016,51.630001068115234,4745900,,False,2017-02-17
2017-02-23,51.65999984741211,51.79999923706055,51.20000076293945,51.470001220703125,4676300,,False,2017-02-23
2017-02-24,51.380001068115234,51.83000183105469,51.33000183105469,51.7400016784668,1612700,A,False,2017-02-24
2017-02-27,51.7400016784668,51.93999862670898,51.459999084472656,51.65999984741211,1195100,A,False,2017-02-27
2017-02-28,51.52000045776367,51.650001525878906,51.22999954223633,51.29999923706055,1417800,A,False,2017-02-28
2017-03-01,51.619998931884766,52.2599983215332,51.619998931884766,52.040000915527344,2026600,A,False,2017-03-01
2017-03-02,52.040000915527344,52.08000183105469,51.33000183105469,51.380001068115234,1706400,A,False,2017-03-02
2017-03-06,51.380001068115234,51.81999969482422,51.150001525878906,51.25,3708100,,False,2017-03-06
2017-03-07,51.060001373291016,51.45000076293945,50.86000061035156,51.209999084472656,2233600,A,False,2017-03-07
2017-03-08,51.2599983215332,51.56999969482422,50.95000076293945,51.40999984741211,1517600,A,False,2017-03-08
2017-03-09,51.41999816894531,51.58000183105469,51.130001068115234,51.43000030517578,1259400,A,False,2017-03-09
2017-03-10,51.68999862670898,52.36000061035156,51.47999954223633,52.150001525878906,1860500,A,False,2017-03-10
2017-03-13,52.13999938964844,52.459999084472656,51.9900016784668,52.45000076293945,1376200,A,False,2017-03-13
2017-03-14,52.220001220703125,52.2599983215332,51.959999084472656,52.209999084472656,1203400,A,False,2017-03-14
2017-03-15,53.310001373291016,54.81999969482422,53.02000045776367,54.09999847412109,4118000,A,False,2017-03-15
2017-03-17,53.43000030517578,53.52999877929688,52.83000183105469,53.310001373291016,4613800,,False,2017-03-17
2017-03-21,53.310001373291016,53.72999954223633,53.0,53.0,2714100,,False,2017-03-21
2017-03-22,52.790000915527344,53.470001220703125,52.650001525878906,53.130001068115234,1257100,A,False,2017-03-22
2017-03-23,53.040000915527344,53.77999877929688,52.720001220703125,53.18000030517578,1717900,A,False,2017-03-23
2017-03-24,54.04999923706055,54.04999923706055,52.84000015258789,53.08000183105469,2015300,A,False,2017-03-24
2017-03-27,52.59999847412109,53.34000015258789,52.41999816894531,53.2400016784668,1446500,A,False,2017-03-27
2017-03-28,53.290000915527344,53.61000061035156,53.09999847412109,53.43999862670898,1312700,A,False,2017-03-28
2017-03-29,53.2599983215332,53.41999816894531,52.77999877929688,53.119998931884766,1469900,A,False,2017-03-29
2017-03-30,53.130001068115234,53.43000030517578,52.900001525878906,53.31999969482422,1627400,A,False,2017-03-30
2017-03-31,53.06999969482422,53.22999954223633,52.810001373291016,52.869998931884766,1705600,A,False,2017-03-31
2017-04-04,52.900001525878906,53.209999084472656,52.47999954223633,52.619998931884766,3567300,,False,2017-04-04
2017-04-10,52.720001220703125,53.2599983215332,52.70000076293945,52.720001220703125,5595300,,False,2017-04-10
2017-04-11,52.70000076293945,52.900001525878906,52.369998931884766,52.83000183105469,1520700,A,False,2017-04-11
2017-04-12,52.84999847412109,53.02999877929688,52.470001220703125,52.54999923706055,1258200,A,False,2017-04-12
2017-04-13,52.43000030517578,52.7400016784668,52.310001373291016,52.33000183105469,864000,A,False,2017-04-13
2017-04-19,52.95000076293945,53.709999084472656,52.95000076293945,53.06999969482422,4905900,,False,2017-04-19
2017-04-21,53.33000183105469,53.38999938964844,52.790000915527344,53.27000045776367,3759400,,False,2017-04-21
2017-04-24,53.93000030517578,54.52999877929688,53.90999984741211,54.43999862670898,2257700,A,False,2017-04-24
2017-04-25,54.75,55.18999862670898,54.5099983215332,54.810001373291016,2181900,A,False,2017-04-25
2017-04-26,55.0,55.33000183105469,54.810001373291016,54.83000183105469,1835000,A,False,2017-04-26
2017-04-28,54.93000030517578,55.5099983215332,54.84000015258789,55.04999923706055,4607200,,False,2017-04-28
2017-05-02,55.5099983215332,55.9900016784668,55.5099983215332,55.93000030517578,3590100,,False,2017-05-02
2017-05-03,55.68000030517578,56.2599983215332,55.61000061035156,56.15999984741211,1702600,A,False,2017-05-03
2017-05-04,56.20000076293945,56.75,56.15999984741211,56.70000076293945,2615600,A,False,2017-05-04
2017-05-05,56.84999847412109,56.959999084472656,56.59000015258789,56.63999938964844,1571500,A,False,2017-05-05
2017-05-08,56.650001525878906,56.81999969482422,55.93000030517578,56.31999969482422,2190000,A,False,2017-05-08
2017-05-10,56.41999816894531,56.93999862670898,56.290000915527344,56.290000915527344,3125500,,False,2017-05-10
2017-05-11,56.130001068115234,56.380001068115234,55.79999923706055,56.22999954223633,1347600,A,False,2017-05-11
2017-05-12,56.15999984741211,56.400001525878906,55.959999084472656,56.15999984741211,1578300,A,False,2017-05-12
2017-05-15,56.06999969482422,56.7599983215332,56.0099983215332,56.70000076293945,1472200,A,False,2017-05-15
2017-05-16,58.380001068115234,58.380001068115234,56.45000076293945,56.83000183105469,1032600,A,False,2017-05-16
2017-05-17,56.83000183105469,56.83000183105469,55.66999816894531,55.77000045776367,1839700,A,False,2017-05-17
2017-05-18,55.900001525878906,56.27000045776367,55.59999847412109,55.84999847412109,1935000,A,False,2017-05-18
2017-05-22,56.09000015258789,56.52000045776367,55.86000061035156,56.08000183105469,5919200,,False,2017-05-22
2017-05-26,59.79999923706055,59.97999954223633,59.040000915527344,59.5099983215332,15877300,,False,2017-05-26
2017-05-30,59.540000915527344,60.47999954223633,59.40999984741211,60.369998931884766,2576400,A,False,2017-05-30
2017-06-01,59.810001373291016,60.810001373291016,59.810001373291016,60.72999954223633,4652800,,False,2017-06-01
2017-06-02,60.79999923706055,61.150001525878906,60.7599983215332,60.810001373291016,1665500,A,False,2017-06-02
2017-06-05,60.79999923706055,60.84000015258789,60.33000183105469,60.400001525878906,1473300,A,False,2017-06-05
2017-06-08,60.13999938964844,60.54999923706055,59.709999084472656,60.150001525878906,7072100,,False,2017-06-08
2017-06-09,60.310001373291016,60.45000076293945,59.130001068115234,59.209999084472656,2352300,A,False,2017-06-09
2017-06-12,59.13999938964844,59.40999984741211,58.119998931884766,58.9900016784668,2579600,A,False,2017-06-12
2017-06-13,59.06999969482422,59.63999938964844,58.93000030517578,59.27999877929688,1527000,A,False,2017-06-13
2017-06-14,59.540000915527344,59.77999877929688,59.04999923706055,59.380001068115234,1202800,A,False,2017-06-14
2017-06-15,59.220001220703125,59.290000915527344,58.81999969482422,59.209999084472656,1091800,A,False,2017-06-15
2017-06-16,59.369998931884766,59.790000915527344,59.2400016784668,59.5099983215332,2157500,A,False,2017-06-16
2017-06-19,59.58000183105469,60.66999816894531,59.58000183105469,60.54999923706055,2383700,A,False,2017-06-19
2017-06-20,60.54999923706055,60.91999816894531,60.29999923706055,60.33000183105469,1821700,A,False,2017-06-20
2017-06-23,60.310001373291016,60.52999877929688,59.5,59.77000045776367,8600900,,False,2017-06-23
2017-06-26,59.790000915527344,59.95000076293945,59.150001525878906,59.2400016784668,1535500,A,False,2017-06-26
2017-06-27,59.130001068115234,59.56999969482422,58.84000015258789,58.880001068115234,1060300,A,False,2017-06-27
2017-06-28,59.27000045776367,59.70000076293945,59.20000076293945,59.400001525878906,1191500,A,False,2017-06-28
2017-06-30,59.34999847412109,59.56999969482422,58.4900016784668,59.310001373291016,2950600,,False,2017-06-30
2017-07-03,59.59000015258789,59.97999954223633,59.130001068115234,59.130001068115234,1489600,A,False,2017-07-03
2017-07-05,59.18999862670898,60.04999923706055,59.18999862670898,59.77000045776367,1639000,A,False,2017-07-05
2017-07-06,59.459999084472656,59.77000045776367,59.06999969482422,59.220001220703125,2249500,A,False,2017-07-06
2017-07-10,59.52999877929688,60.06999969482422,59.380001068115234,59.86000061035156,2111400,,False,2017-07-10
2017-07-11,59.9900016784668,60.15999984741211,59.459999084472656,59.79999923706055,2976000,A,False,2017-07-11
2017-07-12,60.33000183105469,60.9900016784668,60.15999984741211,60.72999954223633,1439400,A,False,2017-07-12
2017-07-13,61.25,61.310001373291016,60.66999816894531,61.18999862670898,2059600,A,False,2017-07-13
2017-07-14,61.27999877929688,61.65999984741211,60.91999816894531,61.52000045776367,1285500,A,False,2017-07-14
2017-07-17,61.59999847412109,61.84000015258789,61.400001525878906,61.54999923706055,1332700,A,False,2017-07-17
2017-07-18,61.43000030517578,61.540000915527344,60.95000076293945,61.209999084472656,1520100,A,False,2017-07-18
2017-07-19,61.31999969482422,61.63999938964844,61.16999816894531,61.380001068115234,1512200,A,False,2017-07-19
2017-07-21,61.45000076293945,61.54999923706055,60.7599983215332,61.369998931884766,3292600,,False,2017-07-21
2017-07-25,61.380001068115234,61.65999984741211,61.25,61.25,2665800,,False,2017-07-25
2017-07-28,60.22999954223633,60.22999954223633,59.38999938964844,60.08000183105469,5702100,,False,2017-07-28
2017-08-01,60.31999969482422,60.619998931884766,59.810001373291016,59.93999862670898,2362300,,False,2017-08-01
2017-08-02,60.0,60.33000183105469,59.52000045776367,60.20000076293945,1121500,A,False,2017-08-02
2017-08-03,60.150001525878906,60.43999862670898,59.970001220703125,60.369998931884766,982900,A,False,2017-08-03
2017-08-07,60.52000045776367,60.88999938964844,60.0099983215332,60.869998931884766,1754500,,False,2017-08-07
2017-08-08,60.66999816894531,60.97999954223633,60.08000183105469,60.13999938964844,1162300,A,False,2017-08-08
2017-08-09,60.06999969482422,60.22999954223633,59.380001068115234,59.68000030517578,1965000,A,False,2017-08-09
2017-08-10,59.34999847412109,59.5,58.220001220703125,58.56999969482422,2471500,A,False,2017-08-10
2017-08-11,58.70000076293945,59.70000076293945,58.68999862670898,59.33000183105469,1511600,A,False,2017-08-11
2017-08-14,59.79999923706055,60.040000915527344,59.54999923706055,59.619998931884766,2409800,A,False,2017-08-14
2017-08-15,59.70000076293945,59.880001068115234,59.11000061035156,59.380001068115234,2933300,A,False,2017-08-15
2017-08-17,62.150001525878906,62.41999816894531,60.77999877929688,60.86000061035156,10393600,,False,2017-08-17
2017-08-18,60.7599983215332,61.720001220703125,60.27999877929688,61.25,2357900,A,False,2017-08-18
2017-08-21,61.09000015258789,62.0,60.959999084472656,61.7400016784668,1486100,A,False,2017-08-21
2017-08-22,61.869998931884766,63.02000045776367,61.84999847412109,62.959999084472656,1666400,A,False,2017-08-22
2017-08-23,62.720001220703125,63.369998931884766,62.59999847412109,62.77000045776367,1445700,A,False,2017-08-23
2017-08-25,62.869998931884766,63.13999938964844,62.34999847412109,62.900001525878906,2937300,,False,2017-08-25
2017-08-28,63.09999847412109,63.58000183105469,62.970001220703125,63.459999084472656,1290400,A,False,2017-08-28
2017-08-29,63.040000915527344,63.630001068115234,63.02000045776367,63.4900016784668,1206600,A,False,2017-08-29
2017-08-30,63.400001525878906,63.93000030517578,63.38999938964844,63.900001525878906,1072500,A,False,2017-08-30
2017-08-31,64.0,64.83000183105469,63.900001525878906,64.72000122070312,1930100,A,False,2017-08-31
2017-09-01,64.9000015258789,65.18000030517578,64.20999908447266,64.37999725341797,1224600,A,False,2017-09-01
2017-09-05,64.0199966430664,64.4800033569336,63.810001373291016,64.29000091552734,910200,A,False,2017-09-05
2017-09-06,64.55999755859375,64.80999755859375,64.05000305175781,64.70999908447266,974500,A,False,2017-09-06
2017-09-07,64.8499984741211,65.25,64.48999786376953,65.13999938964844,1075800,A,False,2017-09-07
2017-09-08,65.1500015258789,65.68000030517578,64.83000183105469,65.0199966430664,1587700,A,False,2017-09-08
2017-09-11,65.5,66.2699966430664,65.37999725341797,66.11000061035156,1770000,A,False,2017-09-11
2017-09-12,66.2699966430664,66.41999816894531,65.88999938964844,66.13999938964844,1081900,A,False,2017-09-12
2017-09-13,65.91000366210938,66.22000122070312,65.41000366210938,65.44000244140625,2042600,A,False,2017-09-13
2017-09-14,65.30999755859375,65.87000274658203,65.16000366210938,65.68000030517578,1481000,A,False,2017-09-14
2017-09-15,65.68000030517578,66.12999725341797,65.62000274658203,65.95999908447266,2296000,A,False,2017-09-15
2017-09-18,66.08999633789062,66.30000305175781,65.69999694824219,66.08000183105469,1562000,A,False,2017-09-18
2017-09-19,66.25,66.44999694824219,66.0,66.16999816894531,1238000,A,False,2017-09-19
2017-09-20,66.30999755859375,66.36000061035156,65.7699966430664,66.08999633789062,1186000,A,False,2017-09-20
2017-09-21,65.87999725341797,66.13999938964844,65.62999725341797,65.91999816894531,874800,A,False,2017-09-21
2017-09-22,65.8499984741211,66.2699966430664,65.70999908447266,65.77999877929688,1296200,A,False,2017-09-22
2017-09-25,65.80000305175781,65.9000015258789,64.44000244140625,64.7300033569336,1841800,A,False,2017-09-25
2017-09-28,64.62000274658203,64.62000274658203,63.90999984741211,63.97999954223633,4013900,,False,2017-09-28
2017-09-29,64.0,64.27999877929688,63.720001220703125,64.19999694824219,1672800,A,False,2017-09-29
2017-10-02,64.29000091552734,65.06999969482422,64.20999908447266,64.87000274658203,1693900,A,False,2017-10-02
2017-10-03,65.05999755859375,65.77999877929688,65.05999755859375,65.1500015258789,1216400,A,False,2017-10-03
2017-10-04,65.1500015258789,65.87000274658203,65.1500015258789,65.83000183105469,745600,A,False,2017-10-04
2017-10-05,65.8499984741211,65.98999786376953,65.5199966430664,65.69999694824219,1974100,A,False,2017-10-05
2017-10-06,65.68000030517578,66.37999725341797,65.66000366210938,66.36000061035156,1405100,A,False,2017-10-06
2017-10-09,66.48999786376953,66.7699966430664,66.0199966430664,66.55999755859375,1542300,A,False,2017-10-09
2017-10-10,66.68000030517578,66.86000061035156,66.22000122070312,66.5999984741211,1143100,A,False,2017-10-10
2017-10-11,66.68000030517578,66.97000122070312,66.33999633789062,66.62000274658203,1794800,A,False,2017-10-11
2017-10-12,66.6500015258789,67.5999984741211,66.54000091552734,67.54000091552734,1455000,A,False,2017-10-12
2017-10-13,67.62999725341797,67.81999969482422,66.88999938964844,66.98999786376953,943100,A,False,2017-10-13
2017-10-16,67.19999694824219,67.37000274658203,66.7699966430664,66.91000366210938,1473400,A,False,2017-10-16
2017-10-18,66.58000183105469,66.58000183105469,65.98999786376953,66.44000244140625,2862300,,False,2017-10-18
2017-10-19,66.44000244140625,66.97000122070312,66.05999755859375,66.87999725341797,1359100,A,False,2017-10-19
2017-10-23,67.19000244140625,67.68000030517578,67.06999969482422,67.06999969482422,2773700,,False,2017-10-23
2017-10-24,67.30999755859375,67.55000305175781,66.87999725341797,67.31999969482422,1975700,A,False,2017-10-24
2017-10-27,67.9000015258789,68.5199966430664,67.41000366210938,67.97000122070312,4653900,,False,2017-10-27
2017-10-30,67.80000305175781,67.93000030517578,67.0999984741211,67.48999786376953,846600,A,False,2017-10-30
2017-10-31,67.73999786376953,68.16999816894531,67.54000091552734,68.02999877929688,1614400,A,False,2017-10-31
2017-11-01,68.19999694824219,68.44000244140625,67.83999633789062,68.0199966430664,1357300,A,False,2017-11-01
2017-11-02,68.08000183105469,68.37999725341797,67.80999755859375,68.12999725341797,1856900,A,False,2017-11-02
2017-11-03,68.08999633789062,68.66999816894531,68.01000213623047,68.37000274658203,1072300,A,False,2017-11-03
2017-11-06,68.2699966430664,68.44999694824219,67.87000274658203,68.22000122070312,995700,A,False,2017-11-06
2017-11-07,68.31999969482422,68.63999938964844,68.04000091552734,68.25,956500,A,False,2017-11-07
2017-11-08,68.0999984741211,68.33000183105469,67.7699966430664,68.11000061035156,977600,A,False,2017-11-08
2017-11-09,67.91999816894531,67.9800033569336,66.91000366210938,67.47000122070312,1665000,A,False,2017-11-09
2017-11-10,67.3499984741211,67.58000183105469,66.69999694824219,66.80999755859375,1704300,A,False,2017-11-10
2017-11-13,66.44999694824219,67.38999938964844,66.25,67.12999725341797,1536400,A,False,2017-11-13
2017-11-15,66.9800033569336,67.80000305175781,66.91000366210938,67.30999755859375,4468500,,False,2017-11-15
2017-11-16,67.5,68.94999694824219,67.44999694824219,68.73999786376953,2300400,A,False,2017-11-16
2017-11-17,68.52999877929688,69.08999633789062,68.29000091552734,68.79000091552734,1823100,A,False,2017-11-17
2017-11-21,69.27999877929688,70.80999755859375,68.94999694824219,69.91000366210938,9473500,,False,2017-11-21
2017-11-22,69.13999938964844,69.37000274658203,68.30000305175781,68.69000244140625,3041600,A,False,2017-11-22
2017-11-24,68.83999633789062,69.38999938964844,68.77999877929688,69.36000061035156,1015400,A,False,2017-11-24
2017-11-27,69.22000122070312,69.48999786376953,69.16999816894531,69.30999755859375,1439300,A,False,2017-11-27
2017-11-28,69.55999755859375,70.93000030517578,69.41999816894531,70.58999633789062,2473400,A,False,2017-11-28
2017-11-29,70.5,70.83999633789062,68.44999694824219,68.69000244140625,1904000,A,False,2017-11-29
2017-12-01,68.97000122070312,69.58999633789062,67.2300033569336,68.69000244140625,4439000,,False,2017-12-01
2017-12-04,68.94000244140625,69.16999816894531,66.18000030517578,66.23999786376953,2899400,A,False,2017-12-04
2017-12-05,66.19999694824219,67.0,65.7300033569336,65.83000183105469,2384000,A,False,2017-12-05
2017-12-06,65.87999725341797,66.25,65.5999984741211,65.88999938964844,1690100,A,False,2017-12-06
2017-12-07,65.91000366210938,66.87999725341797,65.7699966430664,66.70999908447266,2294500,A,False,2017-12-07
2017-12-11,66.94000244140625,67.75,66.6500015258789,67.0,4634200,,False,2017-12-11
2017-12-12,67.0,67.16000366210938,66.5,67.05999755859375,2181000,A,False,2017-12-12
2017-12-13,67.2300033569336,67.66000366210938,66.63999938964844,66.68000030517578,1684600,A,False,2017-12-13
2017-12-14,66.68000030517578,67.08999633789062,66.37000274658203,66.51000213623047,1774600,A,False,2017-12-14
2017-12-15,67.0,67.86000061035156,66.69000244140625,67.61000061035156,2871900,A,False,2017-12-15
2017-12-19,67.88999938964844,68.51000213623047,67.48999786376953,67.75,3775700,,False,2017-12-19
2017-12-21,67.80999755859375,67.87000274658203,67.16000366210938,67.5199966430664,2865200,,False,2017-12-21
2017-12-26,67.41000366210938,67.44999694824219,66.86000061035156,67.25,1754000,,False,2017-12-26
2017-12-29,67.20999908447266,67.58000183105469,67.1500015258789,67.1500015258789,2710500,,False,2017-12-29
2018-01-02,67.41999816894531,67.88999938964844,67.33999633789062,67.5999984741211,1047800,A,False,2018-01-02
2018-01-03,67.62000274658203,69.48999786376953,67.5999984741211,69.31999969482422,1698900,A,False,2018-01-03
2018-01-05,69.54000091552734,70.0999984741211,68.77999877929688,69.9000015258789,3863200,,False,2018-01-05
2018-01-08,69.7300033569336,70.33000183105469,69.55000305175781,70.05000305175781,1613400,A,False,2018-01-08
2018-01-09,70.68000030517578,72.33000183105469,70.16999816894531,71.7699966430664,2666100,A,False,2018-01-09
2018-01-11,71.18000030517578,71.18000030517578,70.11000061035156,70.80000305175781,4468300,,False,2018-01-11
2018-01-12,70.7300033569336,71.86000061035156,70.5,71.7300033569336,1448100,A,False,2018-01-12
2018-01-17,72.0199966430664,72.47000122070312,71.58999633789062,72.05999755859375,3527200,,False,2018-01-17
2018-01-18,72.19999694824219,72.5,71.66999816894531,72.19000244140625,1828300,A,False,2018-01-18
2018-01-19,72.4800033569336,73.22000122070312,72.05999755859375,73.06999969482422,2266100,A,False,2018-01-19
2018-01-22,73.16999816894531,73.55000305175781,72.5999984741211,73.4800033569336,1963700,A,False,2018-01-22
2018-01-23,74.05000305175781,74.08000183105469,73.25,73.44000244140625,1213400,A,False,2018-01-23
2018-01-24,73.66000366210938,73.86000061035156,73.05000305175781,73.58000183105469,1754300,A,False,2018-01-24
2018-01-26,74.16999816894531,74.83000183105469,73.6500015258789,74.81999969482422,4051000,,False,2018-01-26
2018-01-29,74.4800033569336,75.0,74.30000305175781,74.52999877929688,1321900,A,False,2018-01-29
2018-01-30,73.98999786376953,74.08000183105469,72.93000030517578,72.98999786376953,1817000,A,False,2018-01-30
2018-01-31,73.7699966430664,74.38999938964844,73.23999786376953,73.43000030517578,2032800,A,False,2018-01-31
2018-02-01,73.18000030517578,73.77999877929688,72.51000213623047,72.83000183105469,2008200,A,False,2018-02-01
2018-02-02,72.31999969482422,72.76000213623047,71.22000122070312,71.25,1955700,A,False,2018-02-02
2018-02-05,70.86000061035156,71.4800033569336,68.18000030517578,68.22000122070312,2860700,A,False,2018-02-05
2018-02-06,66.95999908447266,68.83000183105469,66.12999725341797,68.44999694824219,4121200,A,False,2018-02-06
2018-02-07,68.19000244140625,69.08000183105469,67.91000366210938,68.05999755859375,1988100,A,False,2018-02-07
2018-02-09,67.52999877929688,67.52999877929688,65.02999877929688,66.9800033569336,8680400,,False,2018-02-09
2018-02-14,67.66000366210938,69.88999938964844,67.66000366210938,69.69999694824219,9690900,,False,2018-02-14
2018-02-16,74.94000244140625,74.98999786376953,71.62000274658203,71.97000122070312,7786200,,False,2018-02-16
2018-02-20,71.5,71.8499984741211,70.69999694824219,71.08000183105469,2580400,A,False,2018-02-20
2018-02-21,71.12000274658203,72.69999694824219,70.97000122070312,71.25,1995600,A,False,2018-02-21
2018-02-22,71.72000122070312,71.76000213623047,70.51000213623047,70.68000030517578,2403400,A,False,2018-02-22
2018-02-23,71.1500015258789,71.37000274658203,70.05999755859375,70.69999694824219,4227000,A,False,2018-02-23
2018-02-26,71.0,71.20999908447266,70.01000213623047,70.58000183105469,5947400,A,False,2018-02-26
2018-02-27,70.75,70.91999816894531,69.0,69.0,3370500,A,False,2018-02-27
2018-02-28,69.41999816894531,70.0,68.56999969482422,68.58999633789062,3289200,A,False,2018-02-28
2018-03-01,68.47000122070312,68.80000305175781,66.79000091552734,67.37999725341797,2401800,A,False,2018-03-01
2018-03-05,66.81999969482422,67.68000030517578,66.51000213623047,67.55000305175781,3948200,,False,2018-03-05
2018-03-07,67.77999877929688,69.86000061035156,67.44999694824219,69.69999694824219,6070400,,False,2018-03-07
2018-03-08,69.72000122070312,70.2699966430664,69.19000244140625,69.8499984741211,2453400,A,False,2018-03-08
2018-03-09,70.2699966430664,71.5,70.0,71.12999725341797,2061200,A,False,2018-03-09
2018-03-12,71.19999694824219,71.52999877929688,70.66999816894531,70.70999908447266,2049400,A,False,2018-03-12
2018-03-13,71.0,71.5199966430664,70.41999816894531,70.68000030517578,1728100,A,False,2018-03-13
2018-03-15,70.66000366210938,70.66000366210938,69.69000244140625,70.18000030517578,4396700,,False,2018-03-15
2018-03-20,69.91999816894531,70.06999969482422,69.05000305175781,69.8499984741211,8396600,,False,2018-03-20
2018-03-21,69.87999725341797,70.08999633789062,69.36000061035156,69.4000015258789,1583200,A,False,2018-03-21
2018-03-22,68.69999694824219,69.19999694824219,67.33000183105469,67.47000122070312,1690000,A,False,2018-03-22
2018-03-23,67.58000183105469,67.7300033569336,65.94000244140625,66.05999755859375,2594100,A,False,2018-03-23
2018-03-27,67.19999694824219,68.62999725341797,66.66000366210938,67.0,4368300,,False,2018-03-27
2018-03-28,67.22000122070312,67.37999725341797,65.80999755859375,66.4000015258789,2267800,A,False,2018-03-28
2018-03-29,66.75,67.58000183105469,66.11000061035156,66.9000015258789,2711300,A,False,2018-03-29
2018-04-03,65.87999725341797,65.87999725341797,63.72999954223633,65.41999816894531,5371900,,False,2018-04-03
2018-04-04,64.1500015258789,65.6500015258789,63.650001525878906,65.44999694824219,5084100,A,False,2018-04-04
2018-04-05,65.81999969482422,66.30999755859375,65.5,65.68000030517578,2120200,A,False,2018-04-05
2018-04-06,65.01000213623047,65.55999755859375,63.380001068115234,63.650001525878906,3578600,A,False,2018-04-06
2018-04-09,64.91999816894531,66.25,64.08000183105469,65.19000244140625,2639800,A,False,2018-04-09
2018-04-10,66.13999938964844,66.79000091552734,65.9000015258789,66.63999938964844,1872800,A,False,2018-04-10
2018-04-11,65.9800033569336,66.5999984741211,65.81999969482422,66.08000183105469,1391400,A,False,2018-04-11
2018-04-12,66.55999755859375,67.63999938964844,66.44999694824219,67.19999694824219,2180900,A,False,2018-04-12
2018-04-13,67.5,67.66999816894531,66.87999725341797,67.20999908447266,2043900,A,False,2018-04-13
2018-04-16,67.83000183105469,68.37000274658203,67.48999786376953,68.16999816894531,2887800,A,False,2018-04-16
2018-04-17,68.5999984741211,68.8499984741211,68.06999969482422,68.44000244140625,2682600,A,False,2018-04-17
2018-04-18,69.12000274658203,70.29000091552734,68.6500015258789,69.55000305175781,2678300,A,False,2018-04-18
2018-04-19,69.4800033569336,69.58999633789062,67.36000061035156,67.97000122070312,2435100,A,False,2018-04-19
2018-04-20,68.04000091552734,68.26000213623047,67.31999969482422,67.55000305175781,1917200,A,False,2018-04-20
2018-04-23,67.70999908447266,68.66999816894531,67.52999877929688,68.06999969482422,2260600,A,False,2018-04-23
2018-04-24,66.38999938964844,67.91000366210938,66.04000091552734,66.63999938964844,3701600,A,False,2018-04-24
2018-04-27,66.55999755859375,66.55999755859375,64.91000366210938,66.27999877929688,7619400,,False,2018-04-27
2018-04-30,66.48999786376953,66.66000366210938,65.7300033569336,65.73999786376953,2277700,A,False,2018-04-30
2018-05-01,65.62999725341797,66.3499984741211,65.48999786376953,66.23999786376953,3135100,A,False,2018-05-01
2018-05-02,66.0,66.86000061035156,65.7699966430664,65.91000366210938,2240500,A,False,2018-05-02
2018-05-03,65.7699966430664,66.45999908447266,64.86000061035156,66.33999633789062,2365900,A,False,2018-05-03
2018-05-04,66.02999877929688,67.25,65.54000091552734,67.0,1330800,A,False,2018-05-04
2018-05-07,67.16000366210938,67.9800033569336,67.06999969482422,67.38999938964844,1468700,A,False,2018-05-07
2018-05-08,67.08000183105469,67.44000244140625,66.83999633789062,67.37000274658203,1916100,A,False,2018-05-08
2018-05-09,67.37999725341797,68.41000366210938,67.1500015258789,68.12999725341797,2108500,A,False,2018-05-09
2018-05-10,68.12000274658203,68.87999725341797,68.12000274658203,68.86000061035156,1844900,A,False,2018-05-10
2018-05-11,69.19000244140625,69.5999984741211,68.91000366210938,69.44999694824219,1524200,A,False,2018-05-11
2018-05-14,69.7300033569336,70.44999694824219,69.0,69.20999908447266,3322600,A,False,2018-05-14
2018-05-16,61.84000015258789,62.9900016784668,60.70000076293945,61.93999862670898,20323700,,False,2018-05-16
2018-05-17,61.97999954223633,63.90999984741211,61.7599983215332,63.59000015258789,5211300,A,False,2018-05-17
2018-05-18,63.630001068115234,64.5999984741211,63.5099983215332,64.31999969482422,4163500,A,False,2018-05-18
2018-05-22,64.75,65.98999786376953,64.69000244140625,64.83999633789062,7942800,,False,2018-05-22
2018-05-24,64.20999908447266,65.0,64.06999969482422,64.12000274658203,4748200,,False,2018-05-24
2018-05-25,63.93999862670898,64.11000061035156,62.84000015258789,63.150001525878906,1742000,A,False,2018-05-25
2018-05-29,62.630001068115234,62.66999816894531,61.29999923706055,61.84999847412109,3559200,A,False,2018-05-29
2018-05-30,62.2400016784668,63.060001373291016,62.0,62.68999862670898,1731500,A,False,2018-05-30
2018-05-31,62.650001525878906,62.83000183105469,61.84999847412109,61.91999816894531,2510400,A,False,2018-05-31
2018-06-01,62.470001220703125,63.22999954223633,62.43999862670898,62.77999877929688,2277900,A,False,2018-06-01
2018-06-04,63.16999816894531,63.5099983215332,62.7599983215332,63.380001068115234,1958000,A,False,2018-06-04
2018-06-06,63.459999084472656,65.19000244140625,63.09000015258789,65.19000244140625,5067100,,False,2018-06-06
2018-06-07,65.41000366210938,66.08999633789062,64.80000305175781,65.2300033569336,2977200,A,False,2018-06-07
2018-06-08,65.3499984741211,66.37000274658203,65.1500015258789,65.7300033569336,3853800,A,False,2018-06-08
2018-06-13,65.97000122070312,66.75,65.97000122070312,66.26000213623047,9681400,,False,2018-06-13
2018-06-14,66.44999694824219,66.44999694824219,65.70999908447266,66.30999755859375,3487900,A,False,2018-06-14
2018-06-15,66.11000061035156,66.23999786376953,65.19000244140625,66.12999725341797,4113200,A,False,2018-06-15
2018-06-18,65.4800033569336,65.54000091552734,64.52999877929688,64.97000122070312,2563100,A,False,2018-06-18
2018-06-19,64.22000122070312,64.44999694824219,63.20000076293945,63.52000045776367,4621400,A,False,2018-06-19
2018-06-20,63.540000915527344,63.56999969482422,62.630001068115234,62.790000915527344,4942100,A,False,2018-06-20
2018-06-21,62.810001373291016,63.220001220703125,62.27000045776367,63.040000915527344,4319400,A,False,2018-06-21
2018-06-22,63.58000183105469,63.68999862670898,62.72999954223633,62.790000915527344,2893800,A,False,2018-06-22
2018-06-26,62.31999969482422,62.31999969482422,60.79999923706055,61.97999954223633,6082400,,False,2018-06-26
2018-06-27,62.2599983215332,63.0,61.09999847412109,61.13999938964844,2025800,A,False,2018-06-27
2018-06-28,61.130001068115234,61.63999938964844,60.41999816894531,61.290000915527344,1564100,A,False,2018-06-28
2018-06-29,61.68000030517578,62.470001220703125,61.56999969482422,61.84000015258789,1913800,A,False,2018-06-29
2018-07-02,61.36000061035156,61.47999954223633,60.790000915527344,61.470001220703125,1526500,A,False,2018-07-02
2018-07-03,61.93000030517578,62.09000015258789,61.060001373291016,61.25,864400,A,False,2018-07-03
2018-07-05,61.47999954223633,61.88999938964844,60.90999984741211,61.79999923706055,2247500,A,False,2018-07-05
2018-07-06,61.91999816894531,62.400001525878906,61.650001525878906,62.290000915527344,2269700,A,False,2018-07-06
2018-07-09,62.43000030517578,63.31999969482422,62.43000030517578,63.119998931884766,1508600,A,False,2018-07-09
2018-07-10,63.369998931884766,63.7400016784668,63.06999969482422,63.66999816894531,1924400,A,False,2018-07-10
2018-07-11,62.59000015258789,63.27999877929688,62.59000015258789,62.86000061035156,1780500,A,False,2018-07-11
2018-07-13,63.33000183105469,63.83000183105469,63.290000915527344,63.380001068115234,2711800,,False,2018-07-13
2018-07-18,63.22999954223633,63.22999954223633,62.150001525878906,62.9900016784668,3601400,,False,2018-07-18
2018-07-20,63.68000030517578,64.6500015258789,63.68000030517578,63.84999847412109,3346600,,False,2018-07-20
2018-07-23,63.70000076293945,64.0,63.369998931884766,63.720001220703125,1417500,A,False,2018-07-23
2018-07-24,63.93999862670898,65.3499984741211,63.68999862670898,64.79000091552734,2454400,A,False,2018-07-24
2018-07-25,65.13999938964844,66.04000091552734,64.83999633789062,65.95999908447266,2925800,A,False,2018-07-25
2018-07-26,66.0,66.83000183105469,65.81999969482422,66.75,2583500,A,False,2018-07-26
2018-07-27,66.6500015258789,66.7699966430664,65.36000061035156,65.75,2638900,A,False,2018-07-27
2018-07-30,65.87000274658203,66.06999969482422,64.51000213623047,64.62999725341797,1601200,A,False,2018-07-30
2018-08-01,64.93000030517578,66.69000244140625,64.62999725341797,64.9800033569336,5218400,,False,2018-08-01
2018-08-02,64.75,65.38999938964844,64.5,65.29000091552734,2263200,A,False,2018-08-02
2018-08-03,65.5,65.79000091552734,64.95999908447266,65.7300033569336,1857300,A,False,2018-08-03
2018-08-06,65.69999694824219,66.66000366210938,65.33000183105469,66.51000213623047,2873100,A,False,2018-08-06
2018-08-07,66.83000183105469,67.94000244140625,66.62999725341797,67.66000366210938,2829000,A,False,2018-08-07
2018-08-08,67.73999786376953,68.1500015258789,67.33999633789062,67.37999725341797,1681900,A,False,2018-08-08
2018-08-09,67.4800033569336,67.62000274658203,66.61000061035156,66.69000244140625,1727800,A,False,2018-08-09
2018-08-13,66.81999969482422,66.87000274658203,65.66999816894531,65.94000244140625,5149000,,False,2018-08-13
2018-08-14,66.05000305175781,67.26000213623047,66.05000305175781,66.75,3110100,A,False,2018-08-14
2018-08-20,65.11000061035156,65.11000061035156,64.22000122070312,64.47000122070312,13290100,,False,2018-08-20
2018-08-22,64.73999786376953,65.87000274658203,64.62000274658203,65.6500015258789,5548400,,False,2018-08-22
2018-08-23,65.69000244140625,65.98999786376953,65.52999877929688,65.69000244140625,2287700,A,False,2018-08-23
2018-08-24,65.73999786376953,66.26000213623047,65.58999633789062,65.9800033569336,1904200,A,False,2018-08-24
2018-08-27,66.33000183105469,66.3499984741211,65.86000061035156,66.08000183105469,1158800,A,False,2018-08-27
2018-08-29,66.41000366210938,67.30000305175781,66.4000015258789,67.01000213623047,4136400,,False,2018-08-29
2018-08-31,67.05000305175781,67.6500015258789,67.05000305175781,67.54000091552734,3828700,,False,2018-08-31
2018-09-04,67.33999633789062,67.55999755859375,66.8499984741211,67.2699966430664,1728000,A,False,2018-09-04
2018-09-05,67.27999877929688,67.4000015258789,66.76000213623047,66.95999908447266,1859600,A,False,2018-09-05
2018-09-06,67.0,67.55000305175781,66.83000183105469,67.36000061035156,1031500,A,False,2018-09-06
2018-09-07,67.1500015258789,67.83000183105469,67.02999877929688,67.4000015258789,1585500,A,False,2018-09-07
2018-09-10,67.81999969482422,68.41000366210938,67.72000122070312,67.93000030517578,2065700,A,False,2018-09-10
2018-09-11,67.69999694824219,68.05999755859375,67.48999786376953,67.62000274658203,1676700,A,False,2018-09-11
2018-09-12,67.5999984741211,68.01000213623047,67.25,67.91000366210938,1125400,A,False,2018-09-12
2018-09-17,69.0,69.66000366210938,69.0,69.08000183105469,5772700,,False,2018-09-17
2018-09-18,69.0999984741211,69.2699966430664,68.41000366210938,68.93000030517578,1780400,A,False,2018-09-18
2018-09-19,69.04000091552734,69.63999938964844,68.87999725341797,69.55999755859375,1183400,A,False,2018-09-19
2018-09-20,69.7300033569336,71.16000366210938,69.69999694824219,71.12999725341797,2865600,A,False,2018-09-20
2018-09-21,71.43000030517578,71.45999908447266,70.55999755859375,70.72000122070312,3119700,A,False,2018-09-21
2018-09-24,70.68000030517578,70.68000030517578,69.69999694824219,69.94999694824219,2333600,A,False,2018-09-24
2018-09-25,70.16999816894531,70.83000183105469,69.91000366210938,70.37999725341797,2090200,A,False,2018-09-25
2018-09-27,70.56999969482422,70.98999786376953,70.0999984741211,70.80000305175781,3412000,,False,2018-09-27
2018-09-28,70.69000244140625,71.0,70.45999908447266,70.54000091552734,2248100,A,False,2018-09-28
2018-10-01,70.68000030517578,71.58000183105469,70.6500015258789,71.26000213623047,2837500,A,False,2018-10-01
2018-10-02,71.23999786376953,71.7300033569336,70.9800033569336,71.68000030517578,2617500,A,False,2018-10-02
2018-10-03,71.68000030517578,72.37000274658203,71.5999984741211,72.12000274658203,3203100,A,False,2018-10-03
2018-10-04,71.91999816894531,72.12999725341797,70.4800033569336,70.66000366210938,2961800,A,False,2018-10-04
2018-10-05,70.66999816894531,71.18000030517578,69.44999694824219,70.30000305175781,2376800,A,False,2018-10-05
2018-10-08,69.95999908447266,70.05000305175781,68.97000122070312,69.5,2179400,A,False,2018-10-08
2018-10-09,69.33999633789062,69.62999725341797,68.70999908447266,69.41000366210938,2179200,A,False,2018-10-09
2018-10-10,69.41000366210938,69.41000366210938,66.61000061035156,66.66999816894531,3055700,A,False,2018-10-10
2018-10-11,66.63999938964844,66.97000122070312,64.62000274658203,64.88999938964844,3624200,A,False,2018-10-11
2018-10-15,66.0999984741211,67.02999877929688,65.36000061035156,65.62999725341797,5272300,,False,2018-10-15
2018-10-17,66.30999755859375,67.56999969482422,66.30999755859375,67.19999694824219,3859500,,False,2018-10-17
2018-10-18,67.12000274658203,67.19999694824219,65.26000213623047,65.75,2327300,A,False,2018-10-18
2018-10-19,65.80999755859375,66.23999786376953,64.23999786376953,64.47000122070312,2418300,A,False,2018-10-19
2018-10-22,64.69000244140625,64.83999633789062,63.540000915527344,64.27999877929688,2227900,A,False,2018-10-22
2018-10-25,62.81999969482422,62.88999938964844,61.0099983215332,62.61000061035156,11019300,,False,2018-10-25
2018-10-30,61.81999969482422,64.16999816894531,61.68000030517578,63.63999938964844,9116500,,False,2018-10-30
2018-11-01,64.58000183105469,65.9800033569336,64.58000183105469,65.22000122070312,5703100,,False,2018-11-01
2018-11-02,65.80000305175781,66.61000061035156,65.44000244140625,65.93000030517578,2272100,A,False,2018-11-02
2018-11-05,66.02999877929688,66.38999938964844,65.2300033569336,65.91000366210938,2348700,A,False,2018-11-05
2018-11-06,66.04000091552734,66.41999816894531,65.66999816894531,65.9800033569336,2287300,A,False,2018-11-06
2018-11-08,67.37999725341797,68.37999725341797,67.37999725341797,67.79000091552734,5145200,,False,2018-11-08
2018-11-09,67.5999984741211,67.76000213623047,66.69999694824219,67.2699966430664,2573500,A,False,2018-11-09
2018-11-12,66.16000366210938,66.25,64.44999694824219,64.5,3000000,A,False,2018-11-12
2018-11-13,64.58999633789062,65.47000122070312,63.93999862670898,64.33999633789062,2216500,A,False,2018-11-13
2018-11-15,64.63999938964844,64.83999633789062,62.540000915527344,64.72000122070312,8698700,,False,2018-11-15
2018-11-16,64.37999725341797,65.5999984741211,64.37999725341797,64.98999786376953,2963300,A,False,2018-11-16
2018-11-19,64.66999816894531,64.95999908447266,62.400001525878906,62.61000061035156,3392100,A,False,2018-11-19
2018-11-20,66.25,68.43000030517578,64.93000030517578,67.5199966430664,8187200,A,False,2018-11-20
2018-11-21,67.66000366210938,68.66999816894531,67.19000244140625,67.72000122070312,3557600,A,False,2018-11-21
2018-11-23,67.04000091552734,68.61000061035156,67.04000091552734,68.20999908447266,1374300,A,False,2018-11-23
2018-11-26,68.94000244140625,69.30000305175781,68.38999938964844,69.25,2406300,A,False,2018-11-26
2018-11-27,68.87000274658203,69.5199966430664,68.69999694824219,69.36000061035156,2533600,A,False,2018-11-27
2018-11-28,69.81999969482422,71.48999786376953,69.43000030517578,71.4800033569336,2661300,A,False,2018-11-28
2018-11-29,71.2300033569336,72.18000030517578,71.2300033569336,71.56999969482422,2625800,A,False,2018-11-29
2018-11-30,71.62999725341797,72.6500015258789,71.33999633789062,72.3499984741211,2279500,A,False,2018-11-30
2018-12-04,73.33000183105469,75.11000061035156,73.19000244140625,73.19000244140625,8529000,,False,2018-12-04
2018-12-07,71.19999694824219,71.93000030517578,69.6500015258789,70.25,5690400,,False,2018-12-07
2018-12-10,70.43000030517578,70.70999908447266,68.56999969482422,70.58999633789062,2347200,A,False,2018-12-10
2018-12-11,71.76000213623047,72.44000244140625,70.69999694824219,71.05000305175781,2926000,A,False,2018-12-11
2018-12-12,72.16999816894531,73.04000091552734,71.5999984741211,71.75,2842900,A,False,2018-12-12
2018-12-13,72.13999938964844,72.68000030517578,70.9000015258789,71.13999938964844,2200600,A,False,2018-12-13
2018-12-14,70.41999816894531,70.61000061035156,69.12999725341797,69.36000061035156,1982700,A,False,2018-12-14
2018-12-17,69.11000061035156,69.62999725341797,67.4000015258789,67.8499984741211,2241700,A,False,2018-12-17
2018-12-19,68.44999694824219,69.02999877929688,65.80999755859375,66.83000183105469,4957500,,False,2018-12-19
2018-12-20,66.33000183105469,66.45999908447266,64.58999633789062,65.19000244140625,3547800,A,False,2018-12-20
2018-12-21,65.22000122070312,66.2300033569336,63.220001220703125,63.290000915527344,4683100,A,False,2018-12-21
2018-12-24,62.93000030517578,63.630001068115234,62.220001220703125,62.66999816894531,1668500,A,False,2018-12-24
2018-12-26,62.93000030517578,65.58000183105469,62.7599983215332,65.54000091552734,1701800,A,False,2018-12-26
2018-12-27,64.5,66.5,64.0,66.4800033569336,1655000,A,False,2018-12-27
2018-12-28,66.9800033569336,67.12000274658203,65.70999908447266,65.95999908447266,1927700,A,False,2018-12-28
2018-12-31,66.33999633789062,67.4800033569336,66.33999633789062,67.45999908447266,1572100,A,False,2018-12-31
2019-01-02,66.5,66.56999969482422,65.30000305175781,65.69000244140625,2113300,A,False,2019-01-02
2019-01-03,65.52999877929688,65.77999877929688,62.0,63.27000045776367,5383900,A,False,2019-01-03
2019-01-04,64.08999633789062,65.94999694824219,64.08999633789062,65.45999908447266,3123700,A,False,2019-01-04
2019-01-07,65.63999938964844,67.43000030517578,65.61000061035156,66.8499984741211,3235100,A,False,2019-01-07
2019-01-08,67.58999633789062,68.20999908447266,66.69999694824219,67.83000183105469,1578100,A,False,2019-01-08
2019-01-09,68.19999694824219,69.66000366210938,68.0,69.25,2442300,A,False,2019-01-09
2019-01-10,69.05000305175781,69.94999694824219,68.5999984741211,69.9000015258789,1080900,A,False,2019-01-10
2019-01-15,69.66999816894531,70.75,69.66999816894531,70.5999984741211,5186600,,False,2019-01-15
2019-01-17,70.81999969482422,71.23999786376953,69.97000122070312,70.81999969482422,2706100,,False,2019-01-17
2019-01-18,71.29000091552734,72.30999755859375,70.8499984741211,71.93000030517578,1551700,A,False,2019-01-18
2019-01-22,71.44000244140625,71.4800033569336,70.47000122070312,71.31999969482422,1972700,A,False,2019-01-22
2019-01-24,71.94999694824219,72.8499984741211,71.38999938964844,72.18000030517578,3559900,,False,2019-01-24
2019-01-25,72.79000091552734,73.7300033569336,72.55999755859375,73.6500015258789,2215300,A,False,2019-01-25
2019-01-28,72.76000213623047,73.27999877929688,72.41000366210938,73.2699966430664,1729600,A,False,2019-01-28
2019-01-29,73.69999694824219,74.05999755859375,73.19999694824219,73.55999755859375,1684500,A,False,2019-01-29
2019-01-30,73.73999786376953,75.58999633789062,73.4800033569336,75.44000244140625,1679500,A,False,2019-01-30
2019-01-31,75.20999908447266,76.30999755859375,74.66999816894531,76.05000305175781,2951300,A,False,2019-01-31
2019-02-01,76.16000366210938,76.58999633789062,75.62000274658203,76.04000091552734,1343900,A,False,2019-02-01
2019-02-04,76.18000030517578,76.2300033569336,75.31999969482422,76.02999877929688,2245900,A,False,2019-02-04
2019-02-05,75.80000305175781,76.51000213623047,75.79000091552734,76.30999755859375,1593500,A,False,2019-02-05
2019-02-06,76.11000061035156,76.69000244140625,76.0,76.30000305175781,1504900,A,False,2019-02-06
2019-02-07,75.72000122070312,76.12000274658203,74.87000274658203,75.33000183105469,1660600,A,False,2019-02-07
2019-02-08,75.06999969482422,75.80999755859375,74.76000213623047,75.80000305175781,1318100,A,False,2019-02-08
2019-02-11,76.0,76.38999938964844,75.75,76.08000183105469,1018000,A,False,2019-02-11
2019-02-12,76.80000305175781,77.25,76.43000030517578,77.06999969482422,2045500,A,False,2019-02-12
2019-02-13,77.37000274658203,77.48999786376953,76.73999786376953,77.25,1376400,A,False,2019-02-13
2019-02-14,77.0,77.27999877929688,76.5199966430664,77.0199966430664,1618100,A,False,2019-02-14
2019-02-20,77.62999725341797,78.80000305175781,77.47000122070312,78.55999755859375,6964200,,False,2019-02-20
2019-02-22,77.66999816894531,78.45999908447266,76.5,78.41999816894531,6368500,,False,2019-02-22
2019-02-25,78.9000015258789,79.83999633789062,78.8499984741211,79.33999633789062,1878000,A,False,2019-02-25
2019-02-27,79.20999908447266,79.2699966430664,78.25,79.2699966430664,3247000,,False,2019-02-27
2019-02-28,79.18000030517578,79.75,78.88999938964844,79.44000244140625,1759100,A,False,2019-02-28
2019-03-04,80.0,81.76000213623047,80.0,80.12999725341797,4830000,,False,2019-03-04
2019-03-05,80.0199966430664,80.02999877929688,79.36000061035156,79.73999786376953,1405600,A,False,2019-03-05
2019-03-06,79.81999969482422,79.9800033569336,78.7300033569336,78.75,1750500,A,False,2019-03-06
2019-03-07,78.69000244140625,79.0999984741211,78.01000213623047,78.7300033569336,1818100,A,False,2019-03-07
2019-03-08,78.18000030517578,78.23999786376953,77.4000015258789,77.9800033569336,1483500,A,False,2019-03-08
2019-03-11,78.27999877929688,79.47000122070312,78.26000213623047,79.30000305175781,1210900,A,False,2019-03-11
2019-03-12,79.58000183105469,80.12999725341797,79.16000366210938,79.93000030517578,1532300,A,False,2019-03-12
2019-03-14,80.22000122070312,80.73999786376953,80.05999755859375,80.61000061035156,2797600,,False,2019-03-14
2019-03-15,80.86000061035156,81.43000030517578,80.83000183105469,81.0999984741211,1999100,A,False,2019-03-15
2019-03-18,81.0999984741211,81.29000091552734,80.48999786376953,80.97000122070312,1617700,A,False,2019-03-18
2019-03-19,81.2699966430664,81.7699966430664,81.02999877929688,81.19999694824219,1172600,A,False,2019-03-19
2019-03-20,81.27999877929688,81.44000244140625,80.25,80.91999816894531,1768300,A,False,2019-03-20
2019-03-21,80.55000305175781,82.2699966430664,80.55000305175781,82.0,986600,A,False,2019-03-21
2019-03-22,81.54000091552734,81.68000030517578,78.97000122070312,78.98999786376953,1435800,A,False,2019-03-22
2019-03-25,79.08999633789062,79.86000061035156,78.66000366210938,79.5199966430664,923000,A,False,2019-03-25
2019-03-26,80.38999938964844,81.04000091552734,80.12999725341797,80.6500015258789,1428200,A,False,2019-03-26
2019-03-27,80.5,80.7699966430664,78.88999938964844,79.0,1446100,A,False,2019-03-27
2019-03-28,79.38999938964844,79.79000091552734,78.70999908447266,79.69999694824219,1615600,A,False,2019-03-28
2019-03-29,80.16000366210938,80.66999816894531,79.94999694824219,80.37999725341797,1585100,A,False,2019-03-29
2019-04-02,81.02999877929688,81.7699966430664,81.02999877929688,81.13999938964844,2725700,,False,2019-04-02
2019-04-04,81.54000091552734,82.05000305175781,81.45999908447266,81.45999908447266,4321100,,False,2019-04-04
2019-04-05,81.19000244140625,81.91999816894531,81.05000305175781,81.47000122070312,1502900,A,False,2019-04-05
2019-04-08,81.56999969482422,81.70999908447266,80.58000183105469,81.69000244140625,783300,A,False,2019-04-08
2019-04-09,81.55999755859375,81.72000122070312,81.2699966430664,81.41999816894531,1254700,A,False,2019-04-09
2019-04-10,81.44999694824219,82.23999786376953,81.44999694824219,81.68000030517578,982900,A,False,2019-04-10
2019-04-11,81.87999725341797,81.91999816894531,80.88999938964844,81.08000183105469,1071500,A,False,2019-04-11
2019-04-12,81.43000030517578,82.05999755859375,80.9000015258789,80.9800033569336,1249300,A,False,2019-04-12
2019-04-15,81.0,81.12999725341797,79.91000366210938,80.4000015258789,1627300,A,False,2019-04-15
2019-04-16,80.81999969482422,80.95999908447266,77.19000244140625,77.55000305175781,3441500,A,False,2019-04-16
2019-04-18,76.54000091552734,76.54000091552734,74.45999908447266,76.16999816894531,7346100,,False,2019-04-18
2019-04-25,75.93000030517578,77.04000091552734,75.43000030517578,76.72000122070312,10047200,,False,2019-04-25
2019-04-26,76.9800033569336,77.45999908447266,76.30000305175781,77.41999816894531,1608900,A,False,2019-04-26
2019-04-29,77.47000122070312,78.44000244140625,77.31999969482422,77.33000183105469,2177700,A,False,2019-04-29
2019-05-01,77.44000244140625,78.91999816894531,77.37999725341797,77.47000122070312,2804800,,False,2019-05-01
2019-05-02,77.41000366210938,78.33999633789062,77.1500015258789,78.19999694824219,946800,A,False,2019-05-02
2019-05-03,78.58000183105469,79.55999755859375,78.58000183105469,79.29000091552734,1303200,A,False,2019-05-03
2019-05-06,77.62000274658203,79.41000366210938,77.20999908447266,79.3499984741211,1624300,A,False,2019-05-06
2019-05-08,77.30000305175781,77.30000305175781,76.02999877929688,76.61000061035156,3975800,,False,2019-05-08
2019-05-10,75.66999816894531,77.05999755859375,74.08999633789062,77.05999755859375,4567300,,False,2019-05-10
2019-05-13,75.75,75.91000366210938,73.2300033569336,73.83999633789062,3547300,A,False,2019-05-13
2019-05-14,74.43000030517578,76.66999816894531,74.30000305175781,76.01000213623047,2557700,A,False,2019-05-14
2019-05-16,67.36000061035156,69.41999816894531,66.23999786376953,69.30000305175781,19091500,,False,2019-05-16
2019-05-17,68.44000244140625,69.87000274658203,68.19000244140625,69.11000061035156,3935700,A,False,2019-05-17
2019-05-21,68.66000366210938,70.44000244140625,68.63999938964844,68.63999938964844,7957900,,False,2019-05-21
2019-05-22,68.16999816894531,68.63999938964844,67.51000213623047,67.97000122070312,4985400,A,False,2019-05-22
2019-05-23,67.18000030517578,67.8499984741211,66.02999877929688,67.69999694824219,5358500,A,False,2019-05-23
2019-05-24,68.13999938964844,69.88999938964844,68.08000183105469,68.36000061035156,3852900,A,False,2019-05-24
2019-05-28,68.43000030517578,68.86000061035156,66.95999908447266,67.08000183105469,2984700,A,False,2019-05-28
2019-05-30,66.58999633789062,67.9000015258789,66.58999633789062,66.88999938964844,6670000,,False,2019-05-30
2019-05-31,66.23999786376953,67.55999755859375,66.06999969482422,67.05000305175781,2829300,A,False,2019-05-31
2019-06-03,67.04000091552734,68.0999984741211,66.81999969482422,66.98999786376953,2560600,A,False,2019-06-03
2019-06-04,67.66000366210938,68.0,66.41000366210938,67.94999694824219,4402800,A,False,2019-06-04
2019-06-05,68.61000061035156,69.01000213623047,67.88999938964844,68.3499984741211,2289200,A,False,2019-06-05
2019-06-06,68.5199966430664,69.68000030517578,68.5199966430664,69.16000366210938,2469000,A,False,2019-06-06
2019-06-07,69.69999694824219,70.22000122070312,69.33000183105469,69.5199966430664,1547400,A,False,2019-06-07
2019-06-10,69.68000030517578,70.55000305175781,69.36000061035156,70.29000091552734,1477100,A,False,2019-06-10
2019-06-11,72.25,72.5999984741211,69.80999755859375,70.08999633789062,1748200,A,False,2019-06-11
2019-06-12,70.08000183105469,70.29000091552734,68.93000030517578,70.29000091552734,1546800,A,False,2019-06-12
2019-06-13,70.55999755859375,70.70999908447266,69.88999938964844,70.30000305175781,1886900,A,False,2019-06-13
2019-06-14,70.30999755859375,70.44999694824219,69.73999786376953,69.97000122070312,1602700,A,False,2019-06-14
2019-06-17,70.25,70.5999984741211,69.88999938964844,70.29000091552734,1149200,A,False,2019-06-17
2019-06-18,70.80000305175781,72.22000122070312,70.56999969482422,71.91000366210938,2350400,A,False,2019-06-18
2019-06-19,71.88999938964844,72.7300033569336,71.88999938964844,72.6500015258789,1916700,A,False,2019-06-19
2019-06-20,73.22000122070312,73.41999816894531,72.36000061035156,73.31999969482422,2077800,A,False,2019-06-20
2019-06-24,73.13999938964844,73.68000030517578,72.55000305175781,73.13999938964844,4347800,,False,2019-06-24
2019-06-25,73.19000244140625,73.62999725341797,72.41000366210938,72.51000213623047,1340400,A,False,2019-06-25
2019-06-26,72.63999938964844,73.18000030517578,72.04000091552734,72.13999938964844,1583800,A,False,2019-06-26
2019-06-27,72.55000305175781,73.27999877929688,72.19999694824219,73.19000244140625,1480200,A,False,2019-06-27
2019-06-28,73.26000213623047,74.69999694824219,73.0999984741211,74.66999816894531,3159700,A,False,2019-06-28
2019-07-01,75.5999984741211,75.88999938964844,74.91999816894531,75.77999877929688,2753200,A,False,2019-07-01
2019-07-02,75.8499984741211,76.18000030517578,75.25,75.61000061035156,1877000,A,False,2019-07-02
2019-07-03,75.86000061035156,76.93000030517578,75.69999694824219,76.80000305175781,1153100,A,False,2019-07-03
2019-07-05,76.33999633789062,76.47000122070312,75.30000305175781,75.75,1493100,A,False,2019-07-05
2019-07-08,75.52999877929688,75.98999786376953,73.5,73.83999633789062,2217400,A,False,2019-07-08
2019-07-10,73.48999786376953,73.94000244140625,73.11000061035156,73.37000274658203,3877400,,False,2019-07-10
2019-07-11,73.7699966430664,73.77999877929688,71.4800033569336,71.73999786376953,6562400,A,False,2019-07-11
2019-07-12,71.27999877929688,72.2699966430664,70.83000183105469,71.6500015258789,2542400,A,False,2019-07-12
2019-07-15,71.0199966430664,71.0199966430664,69.48999786376953,70.55000305175781,3955300,A,False,2019-07-15
2019-07-16,70.0,70.36000061035156,69.33000183105469,69.94999694824219,3067200,A,False,2019-07-16
2019-07-17,70.30999755859375,70.55999755859375,69.58999633789062,69.58999633789062,2402300,A,False,2019-07-17
2019-07-18,70.01000213623047,70.61000061035156,69.66000366210938,70.12999725341797,2713000,A,False,2019-07-18
2019-07-19,70.58000183105469,70.58000183105469,68.5999984741211,68.69999694824219,2694400,A,False,2019-07-19
2019-07-22,68.91000366210938,69.47000122070312,68.45999908447266,69.08999633789062,3103300,A,False,2019-07-22
2019-07-23,69.4000015258789,70.16999816894531,69.16000366210938,69.88999938964844,3304200,A,False,2019-07-23
2019-07-24,69.25,69.58000183105469,68.62000274658203,69.58000183105469,3190400,A,False,2019-07-24
2019-07-29,69.75,70.5,69.55000305175781,70.37000274658203,7047300,,False,2019-07-29
2019-07-30,69.25,70.18000030517578,68.0999984741211,70.1500015258789,2871800,A,False,2019-07-30
2019-08-01,70.19000244140625,70.68000030517578,68.91999816894531,69.20999908447266,6340200,,False,2019-08-01
2019-08-02,69.12000274658203,69.12999725341797,67.55999755859375,68.08000183105469,2803500,A,False,2019-08-02
2019-08-05,66.83999633789062,67.16999816894531,65.66000366210938,65.86000061035156,3273100,A,False,2019-08-05
2019-08-06,66.41000366210938,67.68000030517578,66.04000091552734,67.66000366210938,2436200,A,False,2019-08-06
2019-08-07,66.87000274658203,68.2699966430664,66.4800033569336,67.97000122070312,2172900,A,False,2019-08-07
2019-08-08,68.43000030517578,69.51000213623047,68.0999984741211,69.48999786376953,2014300,A,False,2019-08-08
2019-08-09,68.94000244140625,68.94000244140625,67.81999969482422,68.63999938964844,1866200,A,False,2019-08-09
2019-08-13,68.22000122070312,68.37999725341797,66.5,67.63999938964844,5126200,,False,2019-08-13
2019-08-14,66.58000183105469,67.0199966430664,65.3499984741211,65.58999633789062,3509700,A,False,2019-08-14
2019-08-15,71.94000244140625,72.6500015258789,69.41999816894531,69.58999633789062,6701000,A,False,2019-08-15
2019-08-16,69.9000015258789,71.18000030517578,68.95999908447266,71.08000183105469,3367100,A,False,2019-08-16
2019-08-19,71.93000030517578,72.27999877929688,71.5,71.75,2050400,A,False,2019-08-19
2019-08-20,71.41999816894531,72.26000213623047,71.0999984741211,71.12000274658203,2171200,A,False,2019-08-20
2019-08-21,71.95999908447266,72.33000183105469,71.19000244140625,72.19999694824219,1897400,A,False,2019-08-21
2019-08-22,72.44999694824219,72.7699966430664,71.25,71.73999786376953,1644000,A,False,2019-08-22
2019-08-23,71.5,71.66999816894531,69.25,69.55000305175781,2990000,A,False,2019-08-23
2019-08-28,70.11000061035156,70.26000213623047,68.79000091552734,69.94000244140625,5533600,,False,2019-08-28
2019-08-29,70.80999755859375,71.29000091552734,70.4800033569336,70.69999694824219,1611200,A,False,2019-08-29
2019-08-30,71.44999694824219,72.44999694824219,70.81999969482422,71.11000061035156,2356400,A,False,2019-08-30
2019-09-03,70.69999694824219,71.04000091552734,69.4800033569336,70.41000366210938,2227800,A,False,2019-09-03
2019-09-04,70.94000244140625,71.22000122070312,69.95999908447266,70.86000061035156,1820600,A,False,2019-09-04
2019-09-05,71.63999938964844,73.70999908447266,71.63999938964844,73.5199966430664,2997900,A,False,2019-09-05
2019-09-10,73.69000244140625,75.02999877929688,73.69000244140625,74.7699966430664,8952500,,False,2019-09-10
2019-09-11,75.06999969482422,77.01000213623047,75.06999969482422,76.98999786376953,2805500,A,False,2019-09-11
2019-09-13,77.18000030517578,78.08999633789062,77.18000030517578,77.9000015258789,6683200,,False,2019-09-13
2019-09-16,77.31999969482422,77.43000030517578,76.45999908447266,77.1500015258789,2874500,A,False,2019-09-16
2019-09-18,76.94999694824219,76.97000122070312,75.75,76.97000122070312,4699400,,False,2019-09-18
2019-09-19,77.58000183105469,78.1500015258789,77.31999969482422,78.06999969482422,1743700,A,False,2019-09-19
2019-09-20,78.22000122070312,78.73999786376953,77.91000366210938,77.97000122070312,4605500,A,False,2019-09-20
2019-09-24,77.4800033569336,78.38999938964844,75.63999938964844,75.97000122070312,6513700,,False,2019-09-24
2019-09-25,76.05000305175781,76.55999755859375,75.16000366210938,76.33000183105469,1739200,A,False,2019-09-25
2019-09-30,76.44999694824219,77.30999755859375,76.33000183105469,76.62999725341797,4637700,,False,2019-09-30
2019-10-01,76.5,76.88999938964844,74.58999633789062,74.83999633789062,2189100,A,False,2019-10-01
2019-10-02,74.31999969482422,74.54000091552734,72.9000015258789,73.3499984741211,1999400,A,False,2019-10-02
2019-10-03,73.37999725341797,73.87999725341797,72.47000122070312,73.87000274658203,1869400,A,False,2019-10-03
2019-10-07,74.63999938964844,75.91000366210938,74.63999938964844,75.0999984741211,2308800,,False,2019-10-07
2019-10-09,73.83999633789062,73.83999633789062,71.7300033569336,73.47000122070312,4501600,,False,2019-10-09
2019-10-10,73.43000030517578,74.43000030517578,73.43000030517578,74.0,1399900,A,False,2019-10-10
2019-10-11,75.55000305175781,76.20999908447266,75.23999786376953,75.30000305175781,1200700,A,False,2019-10-11
2019-10-14,75.18000030517578,75.80000305175781,74.98999786376953,75.18000030517578,829500,A,False,2019-10-14
2019-10-15,75.80000305175781,76.36000061035156,75.68000030517578,75.75,844900,A,False,2019-10-15
2019-10-17,75.30000305175781,75.87999725341797,74.9000015258789,74.91999816894531,3925500,,False,2019-10-17
2019-10-18,74.0,74.81999969482422,73.7699966430664,74.56999969482422,2121900,A,False,2019-10-18
2019-10-22,74.87999725341797,76.33000183105469,74.69000244140625,74.69000244140625,2913300,,False,2019-10-22
2019-10-23,75.0199966430664,75.88999938964844,74.68000030517578,74.9800033569336,1778300,A,False,2019-10-23
2019-10-25,75.02999877929688,75.11000061035156,74.12999725341797,75.11000061035156,2310200,,False,2019-10-25
2019-10-29,75.69000244140625,76.68000030517578,75.69000244140625,76.16999816894531,2257200,,False,2019-10-29
2019-10-30,76.04000091552734,76.1500015258789,75.23999786376953,76.12000274658203,914800,A,False,2019-10-30
2019-10-31,76.0,76.12000274658203,75.0999984741211,75.75,970500,A,False,2019-10-31
2019-11-01,76.51000213623047,77.3499984741211,76.31999969482422,76.97000122070312,1106300,A,False,2019-11-01
2019-11-04,77.68000030517578,77.8499984741211,76.7300033569336,76.73999786376953,1010200,A,False,2019-11-04
2019-11-05,76.81999969482422,76.91000366210938,75.47000122070312,75.55000305175781,2362700,A,False,2019-11-05
2019-11-06,75.69999694824219,75.94000244140625,74.94000244140625,75.79000091552734,1355700,A,False,2019-11-06
2019-11-08,76.33999633789062,76.6500015258789,75.68000030517578,76.63999938964844,2092400,,False,2019-11-08
2019-11-11,76.25,76.8499984741211,76.12999725341797,76.8499984741211,1149200,A,False,2019-11-11
2019-11-12,77.0,77.55000305175781,76.72000122070312,77.05000305175781,1008400,A,False,2019-11-12
2019-11-13,76.81999969482422,77.5,76.55999755859375,77.16000366210938,1096000,A,False,2019-11-13
2019-11-14,77.20999908447266,77.44999694824219,76.4800033569336,76.76000213623047,1113500,A,False,2019-11-14
2019-11-15,76.93000030517578,78.30999755859375,76.61000061035156,78.26000213623047,1700400,A,False,2019-11-15
2019-11-18,78.13999938964844,78.5,77.5,77.94000244140625,1641200,A,False,2019-11-18
2019-11-20,78.20999908447266,79.48999786376953,78.20999908447266,78.5199966430664,4134600,,False,2019-11-20
2019-11-21,78.97000122070312,78.97000122070312,77.30999755859375,78.30000305175781,2142200,A,False,2019-11-21
2019-11-22,78.61000061035156,79.19000244140625,78.2300033569336,79.12000274658203,1869700,A,False,2019-11-22
2019-11-26,79.44999694824219,81.02999877929688,79.30000305175781,80.94999694824219,7970700,,False,2019-11-26
2019-11-27,81.08000183105469,81.33999633789062,80.69000244140625,81.08000183105469,1628000,A,False,2019-11-27
2019-11-29,80.95999908447266,81.23999786376953,80.47000122070312,80.7699966430664,835800,A,False,2019-11-29
2019-12-02,80.77999877929688,80.98999786376953,80.0199966430664,80.3499984741211,1775600,A,False,2019-12-02
2019-12-03,79.5199966430664,80.11000061035156,79.16999816894531,80.0999984741211,1978200,A,False,2019-12-03
2019-12-04,80.30000305175781,81.0,80.18000030517578,80.93000030517578,1690900,A,False,2019-12-04
2019-12-05,80.88999938964844,81.73999786376953,80.5,81.52999877929688,1900000,A,False,2019-12-05
2019-12-09,82.23999786376953,82.47000122070312,81.81999969482422,81.81999969482422,3697200,,False,2019-12-09
2019-12-10,82.9000015258789,83.80000305175781,82.69999694824219,82.93000030517578,3067700,A,False,2019-12-10
2019-12-11,82.93000030517578,83.47000122070312,82.56999969482422,83.41999816894531,1718300,A,False,2019-12-11
2019-12-16,84.0,84.9800033569336,84.0,84.44999694824219,5103200,,False,2019-12-16
2019-12-17,84.76000213623047,84.86000061035156,83.77999877929688,83.94999694824219,1653200,A,False,2019-12-17
2019-12-18,83.75,84.05000305175781,83.36000061035156,83.43000030517578,2025500,A,False,2019-12-18
2019-12-19,83.94999694824219,84.66999816894531,83.55999755859375,84.51000213623047,1696000,A,False,2019-12-19
2019-12-20,84.94000244140625,85.30999755859375,84.31999969482422,85.19000244140625,2287800,A,False,2019-12-20
2019-12-23,85.41999816894531,85.44000244140625,84.76000213623047,85.26000213623047,816000,A,False,2019-12-23
2019-12-24,85.44999694824219,85.44999694824219,84.9800033569336,85.30000305175781,271900,A,False,2019-12-24
2019-12-26,85.30999755859375,85.63999938964844,85.08999633789062,85.44999694824219,649100,A,False,2019-12-26
2019-12-27,85.68000030517578,85.68000030517578,85.11000061035156,85.41999816894531,767700,A,False,2019-12-27
2019-12-31,85.33999633789062,85.33999633789062,84.63999938964844,85.30999755859375,1919000,,False,2019-12-31
2020-01-02,85.9000015258789,86.3499984741211,85.19999694824219,85.94999694824219,1410500,A,False,2020-01-02
2020-01-03,84.66999816894531,85.33000183105469,84.5,84.56999969482422,1118300,A,False,2020-01-03
2020-01-06,84.0,84.81999969482422,83.5999984741211,84.81999969482422,1993200,A,False,2020-01-06
2020-01-07,83.95999908447266,85.26000213623047,83.94000244140625,85.08000183105469,1684700,A,False,2020-01-07
2020-01-08,85.95999908447266,86.47000122070312,85.19999694824219,85.91999816894531,1847600,A,False,2020-01-08
2020-01-09,86.45999908447266,87.69999694824219,86.16999816894531,87.2699966430664,1912700,A,False,2020-01-09
2020-01-13,87.72000122070312,88.31999969482422,87.31999969482422,87.45999908447266,3047200,,False,2020-01-13
2020-01-14,87.2699966430664,88.20999908447266,86.69999694824219,87.98999786376953,1675200,A,False,2020-01-14
2020-01-15,87.62999725341797,89.11000061035156,87.55000305175781,88.62000274658203,1630400,A,False,2020-01-15
2020-01-16,89.12000274658203,89.48999786376953,88.86000061035156,89.45999908447266,1595900,A,False,2020-01-16
2020-01-21,89.97000122070312,90.27999877929688,89.45999908447266,89.61000061035156,6415700,,False,2020-01-21
2020-01-22,89.94000244140625,90.63999938964844,89.83999633789062,90.12999725341795,1665800,A,False,2020-01-22
2020-01-23,89.62000274658203,89.9800033569336,88.66000366210938,89.06999969482422,1228300,A,False,2020-01-23
2020-01-24,89.44999694824219,89.45999908447266,87.58000183105469,88.26000213623047,1164500,A,False,2020-01-24
2020-01-28,86.54000091552734,87.16999816894531,86.19000244140625,87.16999816894531,3520200,,False,2020-01-28
2020-01-29,87.55000305175781,88.36000061035156,87.1500015258789,87.23999786376953,1131500,A,False,2020-01-29
2020-01-30,84.9000015258789,85.02999877929688,83.5999984741211,84.37999725341797,3026700,A,False,2020-01-30
2020-01-31,84.02999877929688,84.33999633789062,82.33999633789062,82.55999755859375,2850400,A,False,2020-01-31
2020-02-03,83.29000091552734,83.69000244140625,82.11000061035156,82.1500015258789,1919800,A,False,2020-02-03
2020-02-04,82.8499984741211,83.9000015258789,82.77999877929688,83.5199966430664,1676000,A,False,2020-02-04
2020-02-06,84.58000183105469,85.5,84.58000183105469,84.81999969482422,3180600,,False,2020-02-06
2020-02-10,84.61000061035156,84.63999938964844,82.91999816894531,84.43000030517578,3514500,,False,2020-02-10
2020-02-11,85.02999877929688,85.66999816894531,84.83999633789062,85.08999633789062,1543200,A,False,2020-02-11
2020-02-12,85.4000015258789,86.05999755859375,85.29000091552734,85.43000030517578,1464200,A,False,2020-02-12
2020-02-13,85.0999984741211,85.68000030517578,84.66000366210938,85.47000122070312,1596300,A,False,2020-02-13
2020-02-18,85.72000122070312,86.08000183105469,85.12000274658203,85.12000274658203,4837900,,False,2020-02-18
2020-02-19,84.69999694824219,85.83999633789062,83.44999694824219,85.3499984741211,4741300,A,False,2020-02-19
2020-02-20,84.9000015258789,84.98999786376953,83.36000061035156,84.33999633789062,2543600,A,False,2020-02-20
2020-02-21,83.9000015258789,85.08999633789062,83.4000015258789,85.06999969482422,1762500,A,False,2020-02-21
2020-02-24,82.22000122070312,82.58999633789062,80.0199966430664,80.5,2919200,A,False,2020-02-24
2020-02-27,80.2699966430664,80.2699966430664,76.37000274658203,77.43000030517578,8173400,,False,2020-02-27
2020-02-28,74.97000122070312,77.06999969482422,74.16999816894531,77.06999969482422,3755600,A,False,2020-02-28
2020-03-02,77.30999755859375,82.0,77.23999786376953,81.97000122070312,3407500,A,False,2020-03-02
2020-03-04,81.88999938964844,85.0,80.72000122070312,84.3499984741211,4922500,,False,2020-03-04
2020-03-05,82.13999938964844,83.25,79.69999694824219,80.45999908447266,2322600,A,False,2020-03-05
2020-03-06,77.94999694824219,78.9000015258789,76.5,78.55999755859375,2959900,A,False,2020-03-06
2020-03-09,72.58999633789062,74.19000244140625,70.16999816894531,70.75,4598200,A,False,2020-03-09
2020-03-10,73.05000305175781,73.62000274658203,69.66000366210938,72.91000366210938,3537300,A,False,2020-03-10
2020-03-11,70.76000213623047,71.7300033569336,67.56999969482422,68.83999633789062,4985900,A,False,2020-03-11
2020-03-12,64.0,67.13999938964844,62.15999984741211,63.41999816894531,5055000,A,False,2020-03-12
2020-03-13,66.52999877929688,69.51000213623047,63.75,69.19999694824219,3261200,A,False,2020-03-13
2020-03-16,63.40999984741211,66.62000274658203,61.130001068115234,64.12999725341797,4742800,A,False,2020-03-16
2020-03-18,66.0199966430664,70.52999877929688,65.18000030517578,68.87000274658203,7465700,,False,2020-03-18
2020-03-19,68.54000091552734,68.58999633789062,64.16999816894531,65.76000213623047,3430700,A,False,2020-03-19
2020-03-20,65.98999786376953,71.0,64.95999908447266,66.45999908447266,3258400,A,False,2020-03-20
2020-03-23,66.80000305175781,67.55999755859375,62.09000015258789,63.369998931884766,2989600,A,False,2020-03-23
2020-03-24,65.52999877929688,68.18000030517578,64.5999984741211,67.0,2868900,A,False,2020-03-24
2020-03-25,67.12000274658203,71.79000091552734,65.11000061035156,69.0,2628100,A,False,2020-03-25
2020-03-30,71.05999755859375,74.44999694824219,71.05999755859375,72.66999816894531,6583500,,False,2020-03-30
2020-03-31,72.33999633789062,72.80000305175781,70.5,71.62000274658203,1822100,A,False,2020-03-31
2020-04-02,69.47000122070312,70.2300033569336,68.13999938964844,70.2300033569336,4013900,,False,2020-04-02
2020-04-03,71.70999908447266,72.33000183105469,69.66000366210938,70.41999816894531,2052600,A,False,2020-04-03
2020-04-06,72.97000122070312,74.98999786376953,72.25,74.36000061035156,2312000,A,False,2020-04-06
2020-04-07,76.61000061035156,77.55999755859375,74.0199966430664,74.02999877929688,2458000,A,False,2020-04-07
2020-04-08,74.16999816894531,77.16999816894531,72.75,76.69000244140625,2703000,A,False,2020-04-08
2020-04-09,76.43000030517578,78.72000122070312,76.2300033569336,78.33000183105469,2399900,A,False,2020-04-09
2020-04-13,77.44000244140625,77.98999786376953,75.0199966430664,76.20999908447266,1533000,A,False,2020-04-13
2020-04-14,77.30000305175781,79.19999694824219,77.23999786376953,78.83000183105469,2650300,A,False,2020-04-14
2020-04-16,77.44000244140625,78.38999938964844,76.47000122070312,78.38999938964844,4690400,,False,2020-04-16
2020-04-17,80.08999633789062,80.3499984741211,78.30999755859375,79.55000305175781,1313400,A,False,2020-04-17
2020-04-20,79.05000305175781,79.05000305175781,76.9800033569336,77.37000274658203,1679400,A,False,2020-04-20
2020-04-22,75.58000183105469,75.58000183105469,73.70999908447266,75.16999816894531,5195500,,False,2020-04-22
2020-04-23,76.5999984741211,77.48999786376953,75.05000305175781,75.08999633789062,2097700,A,False,2020-04-23
2020-04-24,75.62000274658203,75.91000366210938,74.0199966430664,75.75,1654300,A,False,2020-04-24
2020-04-28,76.3499984741211,77.0,75.83999633789062,75.83999633789062,3151700,,False,2020-04-28
2020-04-29,76.30000305175781,79.37999725341797,76.13999938964844,78.72000122070312,2409400,A,False,2020-04-29
2020-04-30,77.95999908447266,78.44000244140625,75.98999786376953,76.66000366210938,1795200,A,False,2020-04-30
2020-05-01,75.55000305175781,76.0999984741211,73.56999969482422,74.20999908447266,1618600,A,False,2020-05-01
2020-05-04,74.27999877929688,74.62000274658203,73.41999816894531,74.55999755859375,1555400,A,False,2020-05-04
2020-05-05,74.91000366210938,77.58000183105469,74.83000183105469,76.37000274658203,1476100,A,False,2020-05-05
2020-05-06,76.69000244140625,78.83000183105469,76.6500015258789,77.87000274658203,2303600,A,False,2020-05-06
2020-05-07,78.7699966430664,79.33000183105469,77.54000091552734,78.5,1190600,A,False,2020-05-07
2020-05-08,79.66999816894531,80.33000183105469,79.19000244140625,79.70999908447266,2255000,A,False,2020-05-08
2020-05-11,79.5999984741211,81.98999786376953,79.5,81.2699966430664,1691600,A,False,2020-05-11
2020-05-12,81.58000183105469,82.30000305175781,79.77999877929688,79.8499984741211,2278900,A,False,2020-05-12
2020-05-13,80.37999725341797,81.93000030517578,79.02999877929688,80.16000366210938,2664900,A,False,2020-05-13
2020-05-14,79.29000091552734,81.66000366210938,78.72000122070312,81.63999938964844,2285900,A,False,2020-05-14
2020-05-15,81.51000213623047,82.83000183105469,81.22000122070312,81.58999633789062,4529400,A,False,2020-05-15
2020-05-18,83.23999786376953,84.38999938964844,82.29000091552734,83.66000366210938,2076000,A,False,2020-05-18
2020-05-19,83.2300033569336,83.54000091552734,81.88999938964844,81.97000122070312,2099200,A,False,2020-05-19
2020-05-20,82.9800033569336,82.9800033569336,81.47000122070312,81.70999908447266,2748100,A,False,2020-05-20
2020-05-21,81.72000122070312,82.19000244140625,80.45999908447266,80.75,2576500,A,False,2020-05-21
2020-05-26,85.63999938964844,87.66999816894531,85.63999938964844,86.12999725341797,8236500,,False,2020-05-26
2020-05-27,86.30000305175781,86.4800033569336,84.37000274658203,86.18000030517578,1917600,A,False,2020-05-27
2020-05-28,86.87000274658203,87.8499984741211,86.05999755859375,86.69000244140625,1908700,A,False,2020-05-28
2020-05-29,87.16999816894531,88.48999786376953,86.47000122070312,88.13999938964844,2394500,A,False,2020-05-29
2020-06-01,88.04000091552734,89.9800033569336,87.94000244140625,89.91000366210938,2477600,A,False,2020-06-01
2020-06-02,90.0,90.62999725341795,89.11000061035156,90.29000091552734,1682800,A,False,2020-06-02
2020-06-05,90.6500015258789,93.04000091552734,90.26000213623048,90.37999725341795,6454700,,False,2020-06-05
2020-06-09,89.30999755859375,90.51000213623048,89.05999755859375,89.7699966430664,3622000,,False,2020-06-09
2020-06-10,90.31999969482422,90.58000183105467,89.45999908447266,89.80999755859375,1410300,A,False,2020-06-10
2020-06-11,88.62999725341797,88.62999725341797,85.0199966430664,85.02999877929688,2491300,A,False,2020-06-11
2020-06-12,86.83000183105469,87.30000305175781,83.98999786376953,86.11000061035156,1520000,A,False,2020-06-12
2020-06-15,84.4000015258789,87.27999877929688,83.70999908447266,86.95999908447266,1551400,A,False,2020-06-15
2020-06-17,88.87999725341797,89.23999786376953,87.45999908447266,87.91999816894531,1950000,,False,2020-06-17
2020-06-18,87.43000030517578,88.5,87.26000213623047,88.20999908447266,1491500,A,False,2020-06-18
2020-06-23,89.41000366210938,89.79000091552734,88.66000366210938,89.27999877929688,4190500,,False,2020-06-23
2020-06-24,89.08000183105469,89.08000183105469,86.31999969482422,86.55999755859375,1806600,A,False,2020-06-24
2020-06-25,86.43000030517578,87.3499984741211,84.80000305175781,87.26000213623047,1350100,A,False,2020-06-25
2020-06-29,87.2300033569336,87.55999755859375,86.11000061035156,87.29000091552734,3528300,,False,2020-06-29
2020-06-30,87.33000183105469,88.87999725341797,87.23999786376953,88.37000274658203,1920200,A,False,2020-06-30
2020-07-01,88.88999938964844,88.88999938964844,87.30000305175781,88.11000061035156,1137000,A,False,2020-07-01
2020-07-02,88.83000183105469,89.48999786376953,88.55000305175781,88.68000030517578,1507700,A,False,2020-07-02
2020-07-06,89.0199966430664,90.63999938964844,89.0199966430664,89.30999755859375,1412200,A,False,2020-07-06
2020-07-07,88.83999633789062,90.04000091552734,88.66999816894531,89.20999908447266,1441700,A,False,2020-07-07
2020-07-09,89.5199966430664,90.4000015258789,89.12999725341797,89.91999816894531,2203400,,False,2020-07-09
2020-07-10,89.8499984741211,89.87000274658203,88.56999969482422,89.41999816894531,938100,A,False,2020-07-10
2020-07-13,89.97000122070312,91.23999786376952,88.6500015258789,89.26000213623047,1646200,A,False,2020-07-13
2020-07-14,88.83000183105469,90.79000091552734,88.06999969482422,90.69000244140624,1361200,A,False,2020-07-14
2020-07-15,91.73999786376952,93.05999755859376,91.08000183105467,92.87999725341795,1897100,A,False,2020-07-15
2020-07-16,92.9800033569336,93.20999908447266,92.05999755859376,92.86000061035156,1226400,A,False,2020-07-16
2020-07-17,93.41000366210938,94.51000213623048,92.69000244140624,94.37000274658205,3457700,A,False,2020-07-17
2020-07-20,94.91000366210938,96.22000122070312,94.76000213623048,95.20999908447266,1236800,A,False,2020-07-20
2020-07-21,95.56999969482422,96.4499969482422,95.16000366210938,96.0199966430664,2169100,A,False,2020-07-21
2020-07-22,96.36000061035156,96.87999725341795,95.80999755859376,96.3499984741211,1313200,A,False,2020-07-22
2020-07-23,96.58999633789062,98.08999633789062,96.31999969482422,96.66000366210938,1386300,A,False,2020-07-23
2020-07-24,95.9800033569336,96.22000122070312,93.87000274658205,94.80999755859376,1142800,A,False,2020-07-24
2020-07-28,95.1999969482422,97.54000091552734,95.1999969482422,95.3000030517578,2550800,,False,2020-07-28
2020-07-29,95.80999755859376,97.66000366210938,95.5199966430664,97.0999984741211,1125300,A,False,2020-07-29
2020-07-31,96.12000274658205,96.36000061035156,94.7300033569336,96.33000183105467,3215100,,False,2020-07-31
2020-08-03,96.94000244140624,99.36000061035156,96.94000244140624,99.08999633789062,1994300,A,False,2020-08-03
2020-08-05,98.70999908447266,98.83000183105467,96.88999938964844,97.88999938964844,1735100,,False,2020-08-05
2020-08-07,97.72000122070312,97.83999633789062,95.80999755859376,97.77999877929688,1973200,,False,2020-08-07
2020-08-10,97.83999633789062,97.95999908447266,96.9499969482422,97.13999938964844,900800,A,False,2020-08-10
2020-08-11,97.22000122070312,97.62999725341795,96.1999969482422,96.3000030517578,1137000,A,False,2020-08-11
2020-08-12,96.66000366210938,98.27999877929688,96.5199966430664,97.62999725341795,1318100,A,False,2020-08-12
2020-08-13,97.5500030517578,99.12000274658205,97.18000030517578,98.7699966430664,1190800,A,False,2020-08-13
2020-08-17,98.4499969482422,98.68000030517578,96.9000015258789,97.51000213623048,2946700,,False,2020-08-17
2020-08-21,97.70999908447266,99.4000015258789,97.2699966430664,98.3000030517578,7537100,,False,2020-08-21
2020-08-25,98.66000366210938,98.66000366210938,97.13999938964844,98.33999633789062,2215800,,False,2020-08-25
2020-08-26,98.18000030517578,99.7300033569336,98.0500030517578,99.33000183105467,1072300,A,False,2020-08-26
2020-08-27,99.19000244140624,99.66000366210938,97.55999755859376,99.0199966430664,1236900,A,False,2020-08-27
2020-08-28,99.0,99.93000030517578,98.54000091552734,99.9000015258789,866000,A,False,2020-08-28
2020-08-31,99.9000015258789,101.04000091552734,99.75,100.41999816894533,1076900,A,False,2020-08-31
2020-09-01,100.91999816894533,101.29000091552734,100.25,101.12000274658205,1159700,A,False,2020-09-01
2020-09-02,101.0,103.66000366210938,100.45999908447266,103.41999816894533,1462500,A,False,2020-09-02
2020-09-03,103.08999633789062,103.20999908447266,99.04000091552734,99.63999938964844,1992800,A,False,2020-09-03
2020-09-04,100.06999969482422,100.11000061035156,95.66000366210938,96.83999633789062,1753900,A,False,2020-09-04
2020-09-08,96.11000061035156,96.47000122070312,94.76000213623048,95.13999938964844,1225600,A,False,2020-09-08
2020-09-09,96.0999984741211,98.47000122070312,95.86000061035156,97.93000030517578,954400,A,False,2020-09-09
2020-09-10,98.87999725341795,100.0999984741211,98.23999786376952,98.56999969482422,1933200,A,False,2020-09-10
2020-09-11,98.70999908447266,99.62000274658205,98.0199966430664,98.5999984741211,1368600,A,False,2020-09-11
2020-09-14,99.7300033569336,100.2300033569336,98.97000122070312,99.41999816894533,1207700,A,False,2020-09-14
2020-09-16,99.72000122070312,101.52999877929688,99.72000122070312,99.91999816894533,2418800,,False,2020-09-16
2020-09-18,99.25,100.45999908447266,98.45999908447266,99.37999725341795,3408800,,False,2020-09-18
2020-09-21,98.18000030517578,98.55999755859376,96.5,98.12999725341795,927900,A,False,2020-09-21
2020-09-22,97.83999633789062,98.9800033569336,97.48999786376952,98.62000274658205,845800,A,False,2020-09-22
2020-09-23,98.5999984741211,98.91000366210938,96.56999969482422,96.91000366210938,1148700,A,False,2020-09-23
2020-09-24,96.56999969482422,96.97000122070312,95.44000244140624,96.33999633789062,1157600,A,False,2020-09-24
2020-09-25,95.95999908447266,98.13999938964844,95.7699966430664,97.69000244140624,1028600,A,False,2020-09-25
2020-09-28,98.63999938964844,99.7300033569336,98.12000274658205,99.51000213623048,1336600,A,False,2020-09-28
2020-09-29,99.79000091552734,101.33000183105467,99.58999633789062,100.22000122070312,722400,A,False,2020-09-29
2020-09-30,100.54000091552734,101.88999938964844,100.30999755859376,100.94000244140624,1362200,A,False,2020-09-30
2020-10-01,101.7699966430664,102.41000366210938,100.54000091552734,101.22000122070312,723600,A,False,2020-10-01
2020-10-02,100.20999908447266,101.27999877929688,99.80999755859376,100.01000213623048,712200,A,False,2020-10-02
2020-10-06,101.4800033569336,103.45999908447266,101.4800033569336,101.62999725341795,1881900,,False,2020-10-06
2020-10-08,103.12999725341795,104.75,103.12999725341795,104.16000366210938,2087400,,False,2020-10-08
2020-10-09,104.83000183105467,106.0999984741211,104.5500030517578,105.76000213623048,709000,A,False,2020-10-09
2020-10-12,106.4499969482422,107.0,105.31999969482422,105.43000030517578,1003700,A,False,2020-10-12
2020-10-14,105.44000244140624,106.01000213623048,104.91999816894533,105.05999755859376,1822200,,False,2020-10-14
2020-10-15,104.0999984741211,105.72000122070312,103.87999725341795,105.31999969482422,723000,A,False,2020-10-15
2020-10-19,105.9499969482422,107.62000274658205,105.70999908447266,105.70999908447266,1675400,,False,2020-10-19
2020-10-20,105.88999938964844,106.94000244140624,105.55999755859376,105.61000061035156,771000,A,False,2020-10-20
2020-10-21,105.91999816894533,106.69000244140624,104.12000274658205,104.83000183105467,894000,A,False,2020-10-21
2020-10-22,105.31999969482422,107.08999633789062,105.11000061035156,106.7699966430664,1064700,A,False,2020-10-22
2020-10-23,107.2300033569336,107.37999725341795,105.47000122070312,106.16999816894533,833900,A,False,2020-10-23
2020-10-26,105.38999938964844,105.81999969482422,103.75,104.62999725341795,1102000,A,False,2020-10-26
2020-10-27,105.11000061035156,106.66000366210938,105.11000061035156,106.04000091552734,1111400,A,False,2020-10-27
2020-10-28,104.41999816894533,105.37000274658205,101.58000183105467,101.66000366210938,1180800,A,False,2020-10-28
2020-10-29,102.2699966430664,103.05999755859376,100.7699966430664,102.0199966430664,1421900,A,False,2020-10-29
2020-10-30,101.7699966430664,102.3499984741211,100.6500015258789,102.08999633789062,2310000,A,False,2020-10-30
2020-11-02,103.5199966430664,105.3499984741211,103.29000091552734,105.23999786376952,1572300,A,False,2020-11-02
2020-11-03,106.43000030517578,108.11000061035156,106.13999938964844,107.02999877929688,1175000,A,False,2020-11-03
2020-11-04,108.06999969482422,109.8000030517578,107.23999786376952,108.48999786376952,1357300,A,False,2020-11-04
2020-11-05,110.56999969482422,111.93000030517578,109.66999816894533,110.33999633789062,1143100,A,False,2020-11-05
2020-11-06,110.76000213623048,113.3499984741211,110.33000183105467,112.54000091552734,1036600,A,False,2020-11-06
2020-11-09,116.16000366210938,117.5,112.38999938964844,112.5,2177900,A,False,2020-11-09
2020-11-10,112.81999969482422,112.91000366210938,108.98999786376952,110.1999969482422,2124800,A,False,2020-11-10
2020-11-12,111.01000213623048,111.01000213623048,108.83999633789062,109.44000244140624,2887100,,False,2020-11-12
2020-11-13,110.45999908447266,111.54000091552734,109.77999877929688,110.16999816894533,1356800,A,False,2020-11-13
2020-11-16,111.0,111.48999786376952,109.47000122070312,110.2699966430664,1656100,A,False,2020-11-16
2020-11-17,110.5,110.7699966430664,109.25,109.86000061035156,1571500,A,False,2020-11-17
2020-11-18,109.5500030517578,109.87999725341795,105.7300033569336,105.9499969482422,2047900,A,False,2020-11-18
2020-11-19,106.73999786376952,108.95999908447266,105.19000244140624,108.68000030517578,1886400,A,False,2020-11-19
2020-11-20,108.63999938964844,112.3000030517578,108.31999969482422,110.88999938964844,2775400,A,False,2020-11-20
2020-11-23,111.4000015258789,112.41999816894533,109.55999755859376,112.20999908447266,3258700,A,False,2020-11-23
2020-11-25,118.95999908447266,118.95999908447266,113.41000366210938,114.3499984741211,8422400,,False,2020-11-25
2020-11-27,113.7699966430664,114.9800033569336,112.94000244140624,114.08999633789062,983700,A,False,2020-11-27
2020-11-30,113.88999938964844,117.06999969482422,113.66999816894533,116.9000015258789,3778400,A,False,2020-11-30
2020-12-01,117.58000183105467,118.37999725341795,115.04000091552734,115.36000061035156,1753700,A,False,2020-12-01
2020-12-02,115.62999725341795,115.9499969482422,114.12999725341795,114.56999969482422,1735800,A,False,2020-12-02
2020-12-04,114.1500015258789,115.23999786376952,113.16000366210938,115.1500015258789,2629500,,False,2020-12-04
2020-12-07,115.1999969482422,116.44000244140624,114.12000274658205,114.4000015258789,2076700,A,False,2020-12-07
2020-12-09,114.4800033569336,117.33999633789062,114.4800033569336,116.4000015258789,3038200,,False,2020-12-09
2020-12-14,117.29000091552734,120.23999786376952,117.29000091552734,117.29000091552734,4426500,,False,2020-12-14
2020-12-15,117.3000030517578,118.04000091552734,116.8499984741211,117.38999938964844,1973800,A,False,2020-12-15
2020-12-16,117.58000183105467,117.73999786376952,116.4000015258789,117.23999786376952,1698600,A,False,2020-12-16
2020-12-17,118.0500030517578,119.38999938964844,117.04000091552734,118.97000122070312,2166700,A,False,2020-12-17
2020-12-18,119.2300033569336,119.86000061035156,118.44000244140624,119.3000030517578,3911800,A,False,2020-12-18
2020-12-22,117.6999969482422,118.43000030517578,115.95999908447266,117.37000274658205,3752400,,False,2020-12-22
2020-12-23,118.0,118.88999938964844,117.22000122070312,117.3000030517578,1202100,A,False,2020-12-23
2020-12-28,117.04000091552734,118.37000274658205,116.66999816894533,117.83000183105467,1736700,,False,2020-12-28
2020-12-30,118.55999755859376,119.12000274658205,117.33000183105467,117.38999938964844,2134400,,False,2020-12-30
2020-12-31,117.58999633789062,118.5999984741211,116.5999984741211,118.48999786376952,1307200,A,False,2020-12-31
2021-01-04,118.94000244140624,120.08999633789062,117.11000061035156,118.63999938964844,2030700,A,False,2021-01-04
2021-01-05,118.4800033569336,120.31999969482422,118.06999969482422,119.61000061035156,2344000,A,False,2021-01-05
2021-01-06,118.69000244140624,123.87999725341795,118.20999908447266,122.88999938964844,2428500,A,False,2021-01-06
2021-01-07,124.33000183105467,127.4800033569336,124.11000061035156,126.16000366210938,1775900,A,False,2021-01-07
2021-01-08,126.48999786376952,127.63999938964844,125.8499984741211,127.05999755859376,1577200,A,False,2021-01-08
2021-01-11,126.4499969482422,129.33999633789062,126.2300033569336,128.14999389648438,1746800,A,False,2021-01-11
2021-01-14,128.0500030517578,128.0500030517578,125.81999969482422,126.02999877929688,4281700,,False,2021-01-14
2021-01-15,125.94000244140624,127.12000274658205,124.73999786376952,126.20999908447266,2115400,A,False,2021-01-15
2021-01-19,127.37999725341795,127.8000030517578,126.29000091552734,127.3499984741211,1677200,A,False,2021-01-19
2021-01-20,127.70999908447266,128.9199981689453,127.36000061035156,128.11000061035156,1843000,A,False,2021-01-20
2021-01-21,127.7699966430664,128.77999877929688,126.41999816894533,127.0,1612100,A,False,2021-01-21
2021-01-22,127.08000183105467,127.8000030517578,126.3000030517578,126.33000183105467,1438700,A,False,2021-01-22
2021-01-25,126.69000244140624,127.4800033569336,124.43000030517578,125.4800033569336,1365400,A,False,2021-01-25
2021-01-26,125.5,125.9499969482422,123.87000274658205,123.91999816894533,1476600,A,False,2021-01-26
2021-01-29,121.69000244140624,121.69000244140624,118.11000061035156,120.16999816894533,5423400,,False,2021-01-29
2021-02-01,120.69000244140624,122.08999633789062,120.18000030517578,120.83000183105467,1292700,A,False,2021-02-01
2021-02-02,122.5,125.8499984741211,122.41999816894533,123.19000244140624,1489200,A,False,2021-02-02
2021-02-03,123.5,124.5999984741211,121.9000015258789,122.1500015258789,1448400,A,False,2021-02-03
2021-02-04,122.51000213623048,124.33999633789062,121.5999984741211,124.06999969482422,1251200,A,False,2021-02-04
2021-02-05,124.51000213623048,125.95999908447266,123.11000061035156,123.18000030517578,1919700,A,False,2021-02-05
2021-02-08,123.91999816894533,125.73999786376952,122.56999969482422,123.41000366210938,2065300,A,False,2021-02-08
2021-02-09,123.41000366210938,123.48999786376952,122.36000061035156,123.23999786376952,1988300,A,False,2021-02-09
2021-02-10,124.58999633789062,125.73999786376952,123.87999725341795,125.08000183105467,1112600,A,False,2021-02-10
2021-02-11,125.6999969482422,127.26000213623048,125.11000061035156,126.95999908447266,1122200,A,False,2021-02-11
2021-02-12,126.93000030517578,128.60000610351562,126.31999969482422,127.9800033569336,1278000,A,False,2021-02-12
2021-02-16,129.30999755859375,131.0800018310547,127.8499984741211,127.9499969482422,2132500,A,False,2021-02-16
2021-02-17,132.8000030517578,136.97999572753906,129.58999633789062,130.1199951171875,4214700,A,False,2021-02-17
2021-02-18,129.0,130.38999938964844,127.58000183105467,127.68000030517578,1941400,A,False,2021-02-18
2021-02-19,128.41000366210938,128.89999389648438,126.48999786376952,126.87000274658205,1263900,A,False,2021-02-19
2021-02-22,125.9499969482422,126.16000366210938,123.08999633789062,123.5,1340100,A,False,2021-02-22
2021-02-23,123.51000213623048,123.51000213623048,120.41000366210938,122.41999816894533,2125400,A,False,2021-02-23
2021-02-24,122.26000213623048,125.41000366210938,122.01000213623048,125.0199966430664,1898400,A,False,2021-02-24
2021-02-25,124.80999755859376,125.25,121.93000030517578,122.0999984741211,1430900,A,False,2021-02-25
2021-02-26,122.93000030517578,123.51000213623048,120.6500015258789,122.06999969482422,1909700,A,False,2021-02-26
2021-03-01,123.0500030517578,125.1500015258789,122.87999725341795,124.4800033569336,1404400,A,False,2021-03-01
2021-03-02,124.56999969482422,125.88999938964844,123.16999816894533,123.63999938964844,1267300,A,False,2021-03-02
2021-03-03,122.77999877929688,122.77999877929688,119.25,119.3000030517578,1612400,A,False,2021-03-03
2021-03-04,118.69000244140624,118.83000183105467,113.33999633789062,114.98999786376952,2725000,A,False,2021-03-04
2021-03-05,115.87999725341795,116.19000244140624,112.47000122070312,116.13999938964844,2441500,A,False,2021-03-05
2021-03-08,116.30999755859376,118.95999908447266,115.2699966430664,116.08000183105467,2766600,A,False,2021-03-08
2021-03-09,117.87000274658205,121.38999938964844,117.54000091552734,119.83999633789062,2291100,A,False,2021-03-09
2021-03-10,120.58999633789062,122.20999908447266,119.69000244140624,119.98999786376952,1934600,A,False,2021-03-10
2021-03-11,121.41999816894533,122.91999816894533,120.9000015258789,121.83000183105467,1818700,A,False,2021-03-11
2021-03-12,120.56999969482422,122.02999877929688,119.27999877929688,121.44000244140624,1368700,A,False,2021-03-12
2021-03-15,120.91999816894533,124.27999877929688,120.33999633789062,124.04000091552734,1230000,A,False,2021-03-15
2021-03-16,124.75,125.30999755859376,122.4499969482422,123.0,1345500,A,False,2021-03-16
2021-03-17,122.33999633789062,123.11000061035156,121.5,122.5199966430664,1453000,A,False,2021-03-17
2021-03-18,123.5999984741211,123.94000244140624,122.12999725341795,122.58999633789062,2067500,A,False,2021-03-18
2021-03-19,122.87000274658205,123.5,121.51000213623048,122.69000244140624,2597000,A,False,2021-03-19
2021-03-23,122.16999816894533,124.2300033569336,121.72000122070312,121.9800033569336,3111200,,False,2021-03-23
2021-03-24,122.12000274658205,122.95999908447266,120.73999786376952,120.83999633789062,1477500,A,False,2021-03-24
2021-03-25,120.86000061035156,122.33000183105467,119.87999725341795,121.9000015258789,967300,A,False,2021-03-25
2021-03-26,122.54000091552734,125.70999908447266,122.02999877929688,125.63999938964844,1441900,A,False,2021-03-26
2021-03-30,124.87999725341795,125.81999969482422,124.41000366210938,124.83999633789062,2573400,,False,2021-03-30
2021-04-01,127.01000213623048,128.47999572753906,127.01000213623048,127.69000244140624,2941900,,False,2021-04-01
2021-04-05,129.0,130.61000061035156,129.0,130.0,1096300,A,False,2021-04-05
2021-04-06,130.57000732421875,131.86000061035156,129.8699951171875,131.0399932861328,1623200,A,False,2021-04-06
2021-04-07,130.25,130.57000732421875,128.52999877929688,129.33999633789062,954600,A,False,2021-04-07
2021-04-08,130.25999450683594,131.72999572753906,129.8699951171875,130.69000244140625,925100,A,False,2021-04-08
2021-04-09,131.4600067138672,131.9199981689453,130.72999572753906,131.91000366210938,1552200,A,False,2021-04-09
2021-04-12,131.44000244140625,132.17999267578125,130.83999633789062,131.27000427246094,1166300,A,False,2021-04-12
2021-04-13,131.60000610351562,133.27000427246094,131.47000122070312,132.97000122070312,1593700,A,False,2021-04-13
2021-04-14,133.10000610351562,133.22999572753906,130.9600067138672,131.97000122070312,1499300,A,False,2021-04-14
2021-04-15,132.0,133.94000244140625,132.0,133.27999877929688,2121300,A,False,2021-04-15
2021-04-19,134.0500030517578,134.64999389648438,133.16000366210938,133.5,5567000,,False,2021-04-19
2021-04-20,133.0,133.5500030517578,131.82000732421875,132.4600067138672,1261200,A,False,2021-04-20
2021-04-21,132.8800048828125,133.9499969482422,132.02000427246094,133.8300018310547,1173900,A,False,2021-04-21
2021-04-22,134.02999877929688,135.4600067138672,133.8300018310547,134.52999877929688,1732700,A,False,2021-04-22
2021-04-23,134.57000732421875,137.1199951171875,134.5,136.67999267578125,1495200,A,False,2021-04-23
2021-04-26,137.2100067138672,137.8300018310547,136.67999267578125,137.33999633789062,1287400,A,False,2021-04-26
2021-04-27,136.92999267578125,137.44000244140625,136.22999572753906,136.47999572753906,1752900,A,False,2021-04-27
2021-04-28,136.0,136.50999450683594,134.7100067138672,134.8000030517578,1603900,A,False,2021-04-28
2021-04-29,135.41000366210938,135.41000366210938,133.5399932861328,134.14999389648438,2135900,A,False,2021-04-29
2021-04-30,133.89999389648438,134.66000366210938,133.14999389648438,133.63999938964844,1514200,A,False,2021-04-30
2021-05-03,134.2899932861328,134.30999755859375,132.61000061035156,133.19000244140625,1032000,A,False,2021-05-03
2021-05-04,132.1199951171875,132.50999450683594,130.35000610351562,130.89999389648438,1752400,A,False,2021-05-04
2021-05-05,132.08999633789062,134.08999633789062,131.25,133.3699951171875,1430600,A,False,2021-05-05
2021-05-06,132.30999755859375,132.60000610351562,130.77000427246094,132.39999389648438,1150400,A,False,2021-05-06
2021-05-07,133.19000244140625,134.82000732421875,133.19000244140625,133.89999389648438,1044200,A,False,2021-05-07
2021-05-10,133.75999450683594,133.92999267578125,131.75999450683594,131.8699951171875,1034300,A,False,2021-05-10
2021-05-11,130.27000427246094,131.83999633789062,129.3000030517578,131.4199981689453,1336600,A,False,2021-05-11
2021-05-13,130.33999633789062,130.75999450683594,128.47000122070312,130.02000427246094,2062300,,False,2021-05-13
2021-05-14,130.47000122070312,131.69000244140625,130.4499969482422,131.14999389648438,775100,A,False,2021-05-14
2021-05-17,130.83999633789062,131.0500030517578,129.91000366210938,130.11000061035156,886700,A,False,2021-05-17
2021-05-19,129.9499969482422,129.9499969482422,127.12999725341795,129.9499969482422,2897000,,False,2021-05-19
2021-05-20,130.61000061035156,132.7899932861328,130.61000061035156,132.14999389648438,1035100,A,False,2021-05-20
2021-05-21,132.6699981689453,134.1300048828125,132.22000122070312,132.3000030517578,1445900,A,False,2021-05-21
2021-05-24,133.50999450683594,134.41000366210938,132.52999877929688,133.33999633789062,1312300,A,False,2021-05-24
2021-05-25,133.41000366210938,134.8000030517578,133.00999450683594,133.22999572753906,1890600,A,False,2021-05-25
2021-05-27,136.3000030517578,138.13999938964844,133.25,137.5399932861328,6198000,,False,2021-05-27
2021-06-01,138.60000610351562,140.32000732421875,138.0,138.0,3280200,,False,2021-06-01
2021-06-02,137.1199951171875,138.22000122070312,135.8800048828125,136.57000732421875,1395700,A,False,2021-06-02
2021-06-03,136.0,136.91000366210938,135.74000549316406,136.3699951171875,1228700,A,False,2021-06-03
2021-06-07,137.6999969482422,138.5800018310547,137.38999938964844,137.64999389648438,2005700,,False,2021-06-07
2021-06-08,138.60000610351562,138.9199981689453,137.57000732421875,138.75,1143900,A,False,2021-06-08
2021-06-09,139.1300048828125,140.3699951171875,138.8699951171875,140.1300048828125,961400,A,False,2021-06-09
2021-06-10,140.32000732421875,143.35000610351562,140.00999450683594,143.05999755859375,1462400,A,False,2021-06-10
2021-06-11,143.36000061035156,143.60000610351562,141.89999389648438,143.52999877929688,995100,A,False,2021-06-11
2021-06-14,143.5,144.42999267578125,142.75999450683594,144.38999938964844,934200,A,False,2021-06-14
2021-06-15,144.85000610351562,145.16000366210938,144.0399932861328,144.6199951171875,1035800,A,False,2021-06-15
2021-06-16,144.66000366210938,145.0800018310547,142.9199981689453,143.58999633789062,1680800,A,False,2021-06-16
2021-06-18,144.94000244140625,147.67999267578125,144.94000244140625,145.00999450683594,6043100,,False,2021-06-18
2021-06-21,145.4199981689453,146.69000244140625,143.72999572753906,146.41000366210938,1266100,A,False,2021-06-21
2021-06-22,146.3699951171875,147.67999267578125,145.8300018310547,146.6300048828125,1366200,A,False,2021-06-22
2021-06-23,146.72000122070312,148.05999755859375,146.42999267578125,147.24000549316406,1455700,A,False,2021-06-23
2021-06-24,147.9199981689453,148.3300018310547,146.57000732421875,146.6699981689453,1426800,A,False,2021-06-24
2021-06-25,147.00999450683594,147.75999450683594,146.2100067138672,147.27999877929688,8445100,A,False,2021-06-25
2021-06-28,147.6300048828125,148.0399932861328,146.42999267578125,147.92999267578125,1645000,A,False,2021-06-28
2021-06-29,147.57000732421875,148.83999633789062,147.52999877929688,148.80999755859375,816700,A,False,2021-06-29
2021-07-01,148.3699951171875,148.3699951171875,146.66000366210938,147.7899932861328,2685800,,False,2021-07-01
2021-07-02,148.11000061035156,148.88999938964844,147.25,148.82000732421875,1400700,A,False,2021-07-02
2021-07-07,149.22999572753906,149.6199951171875,148.47999572753906,149.49000549316406,4259600,,False,2021-07-07
2021-07-08,148.07000732421875,148.9600067138672,147.27999877929688,148.8300018310547,1891700,A,False,2021-07-08
2021-07-09,149.49000549316406,150.22999572753906,148.9199981689453,150.02999877929688,1596800,A,False,2021-07-09
2021-07-12,150.64999389648438,151.0,149.1699981689453,149.50999450683594,1480500,A,False,2021-07-12
2021-07-13,149.11000061035156,149.5399932861328,148.19000244140625,149.27000427246094,1456500,A,False,2021-07-13
2021-07-14,149.86000061035156,149.8699951171875,148.4600067138672,148.6300048828125,1218500,A,False,2021-07-14
2021-07-15,148.33999633789062,149.30999755859375,147.83999633789062,148.9600067138672,1733600,A,False,2021-07-15
2021-07-16,149.3300018310547,149.82000732421875,148.27000427246094,148.92999267578125,2169800,A,False,2021-07-16
2021-07-19,147.66000366210938,147.97000122070312,146.9499969482422,147.5800018310547,1835100,A,False,2021-07-19
2021-07-20,148.4499969482422,151.25,147.8300018310547,149.3000030517578,2246000,A,False,2021-07-20
2021-07-21,149.49000549316406,149.91000366210938,147.60000610351562,148.9499969482422,2255700,A,False,2021-07-21
2021-07-22,149.7100067138672,150.5,148.6699981689453,150.3000030517578,1972800,A,False,2021-07-22
2021-07-23,150.58999633789062,152.41000366210938,150.42999267578125,152.30999755859375,2132000,A,False,2021-07-23
2021-07-26,151.72999572753906,152.1699981689453,149.77000427246094,150.25,1767700,A,False,2021-07-26
2021-07-27,149.2899932861328,150.0,148.86000061035156,149.9499969482422,2085700,A,False,2021-07-27
2021-07-28,150.0,151.97000122070312,149.5,151.4600067138672,2179700,A,False,2021-07-28
2021-07-29,151.99000549316406,153.4600067138672,151.4199981689453,152.6699981689453,1527300,A,False,2021-07-29
2021-07-30,152.52000427246094,153.60000610351562,152.02000427246094,153.22999572753906,2310100,A,False,2021-07-30
2021-08-03,154.0500030517578,154.3000030517578,152.75999450683594,153.86000061035156,3298000,,False,2021-08-03
2021-08-05,153.9600067138672,155.16000366210938,153.49000549316406,155.0399932861328,3454300,,False,2021-08-05
2021-08-06,154.75999450683594,155.88999938964844,154.47000122070312,155.6999969482422,1209300,A,False,2021-08-06
2021-08-09,156.0800018310547,156.8000030517578,155.00999450683594,156.5399932861328,982900,A,False,2021-08-09
2021-08-10,156.9199981689453,157.60000610351562,155.89999389648438,156.52000427246094,1575900,A,False,2021-08-10
2021-08-11,156.69000244140625,156.99000549316406,155.85000610351562,156.52000427246094,1402500,A,False,2021-08-11
2021-08-12,156.50999450683594,158.52000427246094,156.1199951171875,158.14999389648438,1376100,A,False,2021-08-12
2021-08-13,158.39999389648438,159.27000427246094,157.38999938964844,159.22999572753906,1733200,A,False,2021-08-13
2021-08-17,159.38999938964844,162.52000427246094,159.2899932861328,160.91000366210938,4768500,,False,2021-08-17
2021-08-19,163.1999969482422,169.0800018310547,162.08999633789062,167.6699981689453,5040500,,False,2021-08-19
2021-08-23,168.1300048828125,170.74000549316406,168.1300048828125,170.0,4084700,,False,2021-08-23
2021-08-24,170.22999572753906,171.2100067138672,169.22000122070312,170.57000732421875,1238600,A,False,2021-08-24
2021-08-25,170.07000732421875,173.5399932861328,170.07000732421875,173.3000030517578,1411800,A,False,2021-08-25
2021-08-26,173.38999938964844,174.47000122070312,172.10000610351562,173.58999633789062,1273400,A,False,2021-08-26
2021-08-27,174.02999877929688,175.10000610351562,172.99000549316406,173.80999755859375,1185800,A,False,2021-08-27
2021-08-30,173.86000061035156,177.1199951171875,173.86000061035156,176.72999572753906,1221400,A,False,2021-08-30
2021-08-31,177.10000610351562,177.19000244140625,174.8300018310547,175.47000122070312,1733200,A,False,2021-08-31
2021-09-01,175.0399932861328,175.74000549316406,174.3800048828125,175.4499969482422,1429000,A,False,2021-09-01
2021-09-02,176.4499969482422,178.33999633789062,175.6999969482422,178.02000427246094,1194000,A,False,2021-09-02
2021-09-03,177.6699981689453,179.57000732421875,177.02999877929688,179.27999877929688,971800,A,False,2021-09-03
2021-09-07,179.27999877929688,179.3699951171875,176.7899932861328,177.72000122070312,1252000,A,False,2021-09-07
2021-09-08,177.4199981689453,179.17999267578125,176.57000732421875,178.72999572753906,1174600,A,False,2021-09-08
2021-09-10,179.07000732421875,179.36000061035156,177.1699981689453,177.22999572753906,2096300,,False,2021-09-10
2021-09-14,173.97999572753906,173.97999572753906,170.22000122070312,172.4199981689453,3611700,,False,2021-09-14
2021-09-15,172.07000732421875,175.1300048828125,171.38999938964844,173.7899932861328,1535300,A,False,2021-09-15
2021-09-16,173.92999267578125,173.92999267578125,171.10000610351562,173.27999877929688,1142000,A,False,2021-09-16
2021-09-17,173.9199981689453,177.36000061035156,172.8000030517578,173.94000244140625,2405700,A,False,2021-09-17
2021-09-20,170.5,172.5800018310547,169.11000061035156,171.33999633789062,1599400,A,False,2021-09-20
2021-09-21,172.3000030517578,173.60000610351562,171.19000244140625,171.44000244140625,1059800,A,False,2021-09-21
2021-09-22,172.17999267578125,173.32000732421875,170.91000366210938,172.44000244140625,981000,A,False,2021-09-22
2021-09-23,173.5,174.35000610351562,172.49000549316406,172.77000427246094,1654600,A,False,2021-09-23
2021-09-24,172.08999633789062,173.0800018310547,171.1999969482422,172.39999389648438,1041900,A,False,2021-09-24
2021-09-27,171.05999755859375,171.14999389648438,164.25999450683594,166.3800048828125,1419700,A,False,2021-09-27
2021-09-30,161.80999755859375,161.80999755859375,157.4600067138672,157.52999877929688,5352000,,False,2021-09-30
2021-10-01,157.14999389648438,157.5,153.0500030517578,155.99000549316406,1881900,A,False,2021-10-01
2021-10-06,154.25999450683594,154.25999450683594,151.25999450683594,153.64999389648438,5047300,,False,2021-10-06
2021-10-07,155.05999755859375,157.47999572753906,154.9600067138672,155.32000732421875,1002800,A,False,2021-10-07
2021-10-08,156.17999267578125,156.9199981689453,152.10000610351562,152.47000122070312,904100,A,False,2021-10-08
2021-10-11,151.49000549316406,152.36000061035156,149.8800048828125,150.02000427246094,1106300,A,False,2021-10-11
2021-10-13,150.8800048828125,150.8800048828125,146.3000030517578,150.22000122070312,3319000,,False,2021-10-13
2021-10-14,151.6199951171875,153.47999572753906,151.6199951171875,152.58999633789062,1434100,A,False,2021-10-14
2021-10-18,153.13999938964844,155.4199981689453,152.5500030517578,154.77999877929688,2581400,,False,2021-10-18
2021-10-19,155.9600067138672,157.4600067138672,155.5500030517578,155.6199951171875,1025500,A,False,2021-10-19
2021-10-20,156.92999267578125,158.1199951171875,156.30999755859375,157.58999633789062,1053000,A,False,2021-10-20
2021-10-21,157.7100067138672,158.02000427246094,154.52999877929688,156.94000244140625,1405100,A,False,2021-10-21
2021-10-22,156.9499969482422,158.7100067138672,156.89999389648438,157.97000122070312,772200,A,False,2021-10-22
2021-10-25,157.89999389648438,158.52000427246094,156.75,158.33999633789062,1088100,A,False,2021-10-25
2021-10-26,159.6300048828125,159.9199981689453,157.0399932861328,158.19000244140625,1016400,A,False,2021-10-26
2021-10-27,158.3000030517578,158.5,154.8300018310547,155.25999450683594,1472600,A,False,2021-10-27
2021-10-29,155.97999572753906,157.57000732421875,154.19000244140625,157.49000549316406,3752400,,False,2021-10-29
2021-11-03,157.3800048828125,158.2899932861328,155.8000030517578,158.1999969482422,4299800,,False,2021-11-03
2021-11-04,157.86000061035156,158.92999267578125,156.36000061035156,157.64999389648438,1015800,A,False,2021-11-04
2021-11-05,156.57000732421875,156.80999755859375,152.42999267578125,156.41000366210938,1775500,A,False,2021-11-05
2021-11-08,157.0,161.14999389648438,156.5500030517578,160.94000244140625,1467000,A,False,2021-11-08
2021-11-09,160.94000244140625,162.22999572753906,159.52000427246094,159.80999755859375,1021000,A,False,2021-11-09
2021-11-10,159.2100067138672,159.97999572753906,156.05999755859375,159.27999877929688,1093200,A,False,2021-11-10
2021-11-18,160.39999389648438,163.0,160.39999389648438,162.16000366210938,7126100,,False,2021-11-18
2021-11-19,163.00999450683594,165.07000732421875,162.6699981689453,164.3000030517578,1647600,A,False,2021-11-19
2021-11-22,165.0,165.67999267578125,162.77999877929688,162.77999877929688,2110400,A,False,2021-11-22
2021-11-23,155.88999938964844,159.32000732421875,151.77000427246094,154.77999877929688,3140600,A,False,2021-11-23
2021-11-24,153.75999450683594,154.6699981689453,151.08999633789062,152.97000122070312,2291400,A,False,2021-11-24
2021-11-26,153.2899932861328,159.08999633789062,151.57000732421875,152.07000732421875,1632200,A,False,2021-11-26
2021-11-30,153.05999755859375,155.3800048828125,149.6999969482422,150.89999389648438,5635100,,False,2021-11-30
2021-12-01,151.1199951171875,152.85000610351562,148.08999633789062,148.2100067138672,1800900,A,False,2021-12-01
2021-12-06,147.91000366210938,152.0399932861328,147.72000122070312,151.47000122070312,4730100,,False,2021-12-06
2021-12-07,152.83999633789062,156.24000549316406,152.61000061035156,153.8000030517578,1422700,A,False,2021-12-07
2021-12-08,154.75999450683594,156.38999938964844,153.9499969482422,156.30999755859375,1491500,A,False,2021-12-08
2021-12-09,156.5,158.0,154.50999450683594,154.61000061035156,1272300,A,False,2021-12-09
2021-12-10,154.52999877929688,156.33999633789062,154.0800018310547,156.25999450683594,1463900,A,False,2021-12-10
2021-12-13,157.33999633789062,157.89999389648438,155.13999938964844,156.2899932861328,1413800,A,False,2021-12-13
2021-12-15,154.58999633789062,154.58999633789062,150.10000610351562,154.30999755859375,3924000,,False,2021-12-15
2021-12-16,154.3000030517578,155.89999389648438,150.4600067138672,150.8000030517578,2085600,A,False,2021-12-16
2021-12-20,150.35000610351562,152.17999267578125,148.0399932861328,150.4199981689453,4655900,,False,2021-12-20
2021-12-21,151.0,154.05999755859375,150.61000061035156,153.9600067138672,1496600,A,False,2021-12-21
2021-12-22,154.4499969482422,157.16000366210938,154.25,156.77999877929688,1907900,A,False,2021-12-22
2021-12-23,157.2899932861328,158.86000061035156,156.64999389648438,157.8000030517578,1411000,A,False,2021-12-23
2021-12-28,158.82000732421875,159.83999633789062,158.1199951171875,159.17999267578125,1716100,,False,2021-12-28
2021-12-29,159.8300018310547,161.38999938964844,159.17999267578125,160.64999389648438,833100,A,False,2021-12-29
2021-12-30,161.11000061035156,162.6199951171875,160.60000610351562,160.8800048828125,771000,A,False,2021-12-30
2021-12-31,160.35000610351562,161.4499969482422,159.52000427246094,159.64999389648438,1315500,A,False,2021-12-31
2022-01-03,159.0,159.44000244140625,153.92999267578125,156.47999572753906,1606300,A,False,2022-01-03
2022-01-04,155.49000549316406,155.6300048828125,149.6999969482422,151.19000244140625,2234000,A,False,2022-01-04
2022-01-05,150.8300018310547,153.10000610351562,148.52999877929688,148.60000610351562,2370500,A,False,2022-01-05
2022-01-06,148.85000610351562,149.9600067138672,145.5800018310547,149.1199951171875,2298300,A,False,2022-01-06
2022-01-07,149.1199951171875,149.72999572753906,145.08999633789062,145.14999389648438,2058600,A,False,2022-01-07
2022-01-10,143.2899932861328,145.30999755859375,140.86000061035156,145.16000366210938,2548100,A,False,2022-01-10
2022-01-11,145.0,146.94000244140625,143.80999755859375,146.63999938964844,2194200,A,False,2022-01-11
2022-01-12,147.8000030517578,150.38999938964844,147.5500030517578,149.50999450683594,2250800,A,False,2022-01-12
2022-01-13,149.4600067138672,149.5399932861328,144.85000610351562,145.1699981689453,1741800,A,False,2022-01-13
2022-01-14,144.0399932861328,145.14999389648438,142.36000061035156,144.67999267578125,2225400,A,False,2022-01-14
2022-01-19,142.4199981689453,143.24000549316406,140.25999450683594,140.42999267578125,3379500,,False,2022-01-19
2022-01-20,141.3800048828125,143.13999938964844,139.0500030517578,139.47999572753906,1861200,A,False,2022-01-20
2022-01-21,139.5399932861328,140.49000549316406,137.49000549316406,137.50999450683594,1878600,A,False,2022-01-21
2022-01-25,136.3800048828125,136.6199951171875,131.27999877929688,134.57000732421875,3860600,,False,2022-01-25
2022-01-26,135.5399932861328,138.0500030517578,132.27000427246094,133.50999450683594,1999500,A,False,2022-01-26
2022-01-28,135.27999877929688,136.36000061035156,131.22000122070312,136.36000061035156,3890600,,False,2022-01-28
2022-01-31,137.32000732421875,139.47000122070312,136.97000122070312,139.32000732421875,1703000,A,False,2022-01-31
2022-02-01,140.52999877929688,141.27000427246094,138.4499969482422,141.02999877929688,1655900,A,False,2022-02-01
2022-02-03,141.00999450683594,144.75999450683594,141.00999450683594,141.7899932861328,2390000,,False,2022-02-03
2022-02-04,141.47999572753906,142.35000610351562,139.6699981689453,141.1199951171875,1087400,A,False,2022-02-04
2022-02-07,141.5,142.49000549316406,139.80999755859375,140.3699951171875,1444100,A,False,2022-02-07
2022-02-08,139.11000061035156,141.41000366210938,138.2899932861328,140.80999755859375,1515400,A,False,2022-02-08
2022-02-09,142.72999572753906,145.10000610351562,142.14999389648438,144.44000244140625,1216900,A,False,2022-02-09
2022-02-10,141.55999755859375,144.0399932861328,140.5800018310547,141.66000366210938,1063700,A,False,2022-02-10
2022-02-11,141.1199951171875,142.50999450683594,136.24000549316406,137.1999969482422,1321900,A,False,2022-02-11
2022-02-14,136.9600067138672,137.69000244140625,134.10000610351562,135.2100067138672,2205300,A,False,2022-02-14
2022-02-15,137.25,138.05999755859375,134.72999572753906,135.91000366210938,2368200,A,False,2022-02-15
2022-02-16,135.5500030517578,135.60000610351562,132.11000061035156,135.14999389648438,3187500,A,False,2022-02-16
2022-02-18,133.42999267578125,133.42999267578125,129.7100067138672,132.0500030517578,6191900,,False,2022-02-18
2022-02-23,130.8699951171875,132.69000244140625,125.9499969482422,126.0,6993500,,False,2022-02-23
2022-02-24,123.6999969482422,128.6300048828125,123.05999755859376,128.14999389648438,3430200,A,False,2022-02-24
2022-03-01,130.08999633789062,133.75,130.08999633789062,131.92999267578125,8875000,,False,2022-03-01
2022-03-02,132.67999267578125,133.9600067138672,131.8000030517578,133.16000366210938,1863100,A,False,2022-03-02
2022-03-03,133.72999572753906,138.0,133.44000244140625,137.1699981689453,3592100,A,False,2022-03-03
2022-03-04,135.85000610351562,137.1199951171875,132.13999938964844,133.88999938964844,3848500,A,False,2022-03-04
2022-03-07,133.5500030517578,133.5500030517578,128.42999267578125,130.33999633789062,2376500,A,False,2022-03-07
2022-03-08,128.63999938964844,132.5,127.54000091552734,129.32000732421875,2375500,A,False,2022-03-08
2022-03-09,132.85000610351562,133.94000244140625,131.19000244140625,133.25999450683594,1805500,A,False,2022-03-09
2022-03-11,131.39999389648438,136.44000244140625,131.2899932861328,131.2899932861328,3748800,,False,2022-03-11
2022-03-15,131.0,131.14999389648438,126.9000015258789,130.27999877929688,3386300,,False,2022-03-15
2022-03-16,131.92999267578125,135.61000061035156,131.3000030517578,135.0,1673000,A,False,2022-03-16
2022-03-17,134.0,136.85000610351562,133.61000061035156,136.82000732421875,1167900,A,False,2022-03-17
2022-03-18,136.2100067138672,139.38999938964844,136.2100067138672,139.1199951171875,2766600,A,False,2022-03-18
2022-03-21,137.6300048828125,139.7899932861328,137.00999450683594,138.13999938964844,1285100,A,False,2022-03-21
2022-03-22,138.00999450683594,140.1999969482422,137.64999389648438,139.2899932861328,1977700,A,False,2022-03-22
2022-03-24,136.5800018310547,136.5800018310547,133.4499969482422,136.41000366210938,2684100,,False,2022-03-24
2022-03-28,137.3000030517578,137.66000366210938,134.4600067138672,135.4199981689453,2971800,,False,2022-03-28
2022-03-29,138.22000122070312,139.32000732421875,137.2100067138672,138.4199981689453,1608600,A,False,2022-03-29
2022-03-30,137.92999267578125,138.22000122070312,134.52000427246094,135.4600067138672,1439800,A,False,2022-03-30
2022-03-31,135.1699981689453,136.7899932861328,132.2899932861328,132.3300018310547,3046400,A,False,2022-03-31
2022-04-01,134.17999267578125,134.60000610351562,131.86000061035156,133.97000122070312,1466900,A,False,2022-04-01
2022-04-05,133.86000061035156,135.4199981689453,132.88999938964844,133.25999450683594,3185200,,False,2022-04-05
2022-04-06,132.00999450683594,133.32000732421875,129.86000061035156,132.7100067138672,2249500,A,False,2022-04-06
2022-04-08,134.64999389648438,137.0800018310547,134.64999389648438,134.8699951171875,4027100,,False,2022-04-08
2022-04-11,133.22000122070312,133.8800048828125,130.4600067138672,131.25999450683594,2308200,A,False,2022-04-11
2022-04-12,131.69000244140625,132.19000244140625,125.02999877929688,125.38999938964844,2657500,A,False,2022-04-12
2022-04-13,125.26000213623048,128.52999877929688,124.91000366210938,128.2899932861328,2735900,A,False,2022-04-13
2022-04-14,128.4199981689453,128.9600067138672,125.56999969482422,126.44000244140624,3360700,A,False,2022-04-14
2022-04-18,126.44000244140624,126.75,123.12999725341795,123.83999633789062,1597100,A,False,2022-04-18
2022-04-19,123.70999908447266,126.83000183105467,123.6999969482422,126.52999877929688,1580000,A,False,2022-04-19
2022-04-21,127.70999908447266,131.02999877929688,126.83999633789062,126.83999633789062,4203800,,False,2022-04-21
2022-04-22,124.7699966430664,125.0999984741211,121.1500015258789,121.31999969482422,1947200,A,False,2022-04-22
2022-04-25,119.52999877929688,121.61000061035156,118.2300033569336,121.4499969482422,2236900,A,False,2022-04-25
2022-04-27,120.8499984741211,120.8499984741211,117.23999786376952,117.68000030517578,4939400,,False,2022-04-27
2022-04-28,119.5199966430664,121.55999755859376,117.93000030517578,121.05999755859376,3152200,A,False,2022-04-28
2022-04-29,120.70999908447266,123.88999938964844,119.0500030517578,119.2699966430664,2269200,A,False,2022-04-29
2022-05-02,118.37999725341795,120.33999633789062,116.48999786376952,119.56999969482422,1756200,A,False,2022-05-02
2022-05-03,119.72000122070312,123.9800033569336,119.08999633789062,122.4000015258789,3217800,A,False,2022-05-03
2022-05-04,121.69000244140624,126.69000244140624,121.44000244140624,126.3000030517578,2460400,A,False,2022-05-04
2022-05-05,124.62000274658205,125.20999908447266,120.8000030517578,122.1500015258789,2123600,A,False,2022-05-05
2022-05-06,120.87999725341795,121.87999725341795,118.0,121.08000183105467,1629000,A,False,2022-05-06
2022-05-10,117.94000244140624,117.94000244140624,112.63999938964844,116.63999938964844,4003500,,False,2022-05-10
2022-05-11,115.6999969482422,118.0,113.83999633789062,113.98999786376952,1607000,A,False,2022-05-11
2022-05-12,113.61000061035156,116.25,112.77999877929688,116.12999725341795,1338000,A,False,2022-05-12
2022-05-13,117.37999725341795,120.72000122070312,117.2699966430664,119.37999725341795,1328400,A,False,2022-05-13
2022-05-16,119.62999725341795,121.02999877929688,118.83000183105467,120.3000030517578,2011600,A,False,2022-05-16
2022-05-17,122.6999969482422,123.6999969482422,121.4499969482422,123.08000183105467,2216200,A,False,2022-05-17
2022-05-19,121.19000244140624,121.91000366210938,119.52999877929688,121.91000366210938,3646100,,False,2022-05-19
2022-05-20,124.02999877929688,125.58000183105467,122.44000244140624,125.12999725341795,2594600,A,False,2022-05-20
2022-05-25,126.4499969482422,127.45999908447266,123.8000030517578,123.8000030517578,7749200,,False,2022-05-25
2022-05-26,120.75,124.22000122070312,120.72000122070312,123.8499984741211,1768000,A,False,2022-05-26
2022-05-31,126.72000122070312,130.77000427246094,126.72000122070312,127.55999755859376,6101900,,False,2022-05-31
2022-06-03,127.86000061035156,128.72000122070312,122.3000030517578,128.49000549316406,4924800,,False,2022-06-03
2022-06-07,129.3800048828125,131.1999969482422,126.97000122070312,128.89999389648438,2546900,,False,2022-06-07
2022-06-08,127.87999725341795,128.63999938964844,126.4000015258789,126.83999633789062,1049500,A,False,2022-06-08
2022-06-09,126.08999633789062,126.91999816894533,124.12999725341795,124.13999938964844,814400,A,False,2022-06-09
2022-06-10,121.62999725341795,121.93000030517578,119.9000015258789,120.56999969482422,1379600,A,False,2022-06-10
2022-06-13,116.4800033569336,117.6999969482422,115.37999725341795,116.27999877929688,1405800,A,False,2022-06-13
2022-06-14,115.98999786376952,116.6999969482422,113.25,116.01000213623048,1314000,A,False,2022-06-14
2022-06-15,117.23999786376952,117.7699966430664,113.7699966430664,116.47000122070312,1886300,A,False,2022-06-15
2022-06-17,113.8000030517578,115.08000183105467,112.66999816894533,112.70999908447266,4283100,,False,2022-06-17
2022-06-21,114.41000366210938,115.56999969482422,113.76000213623048,113.87999725341795,1588200,A,False,2022-06-21
2022-06-22,112.66000366210938,115.08000183105467,112.5199966430664,113.8000030517578,2585300,A,False,2022-06-22
2022-06-23,114.5999984741211,118.75,114.2699966430664,118.5999984741211,1801600,A,False,2022-06-23
2022-06-24,119.9499969482422,121.3499984741211,118.4499969482422,121.29000091552734,3780400,A,False,2022-06-24
2022-06-27,121.83000183105467,122.3000030517578,119.8499984741211,120.56999969482422,1805700,A,False,2022-06-27
2022-06-28,120.4499969482422,121.23999786376952,116.72000122070312,117.05999755859376,1426100,A,False,2022-06-28
2022-06-30,117.19000244140624,118.54000091552734,116.0,118.54000091552734,2518600,,False,2022-06-30
2022-07-05,118.79000091552734,120.68000030517578,116.6999969482422,120.55999755859376,2604700,,False,2022-07-05
2022-07-06,120.8000030517578,122.33999633789062,120.55999755859376,121.18000030517578,1642300,A,False,2022-07-06
2022-07-08,120.98999786376952,123.22000122070312,120.95999908447266,122.51000213623048,2488500,,False,2022-07-08
2022-07-11,121.61000061035156,123.45999908447266,121.01000213623048,123.12000274658205,1304400,A,False,2022-07-11
2022-07-12,122.43000030517578,123.41000366210938,118.75,119.23999786376952,1196800,A,False,2022-07-12
2022-07-13,117.41000366210938,119.6999969482422,116.86000061035156,118.6500015258789,1378000,A,False,2022-07-13
2022-07-14,117.0999984741211,117.7300033569336,113.0199966430664,115.87999725341795,1347300,A,False,2022-07-14
2022-07-19,117.77999877929688,119.38999938964844,116.37000274658205,119.05999755859376,3444500,,False,2022-07-19
2022-07-20,119.93000030517578,121.20999908447266,119.25,119.86000061035156,1316600,A,False,2022-07-20
2022-07-21,122.12000274658205,127.33999633789062,122.12000274658205,127.19000244140624,1682500,A,False,2022-07-21
2022-07-22,127.41000366210938,128.5399932861328,124.30999755859376,125.04000091552734,1079500,A,False,2022-07-22
2022-07-25,125.0500030517578,125.41000366210938,123.19000244140624,124.26000213623048,1044000,A,False,2022-07-25
2022-07-26,124.66000366210938,125.62999725341795,123.37000274658205,125.16999816894533,1260000,A,False,2022-07-26
2022-07-27,125.04000091552734,128.3300018310547,124.70999908447266,127.70999908447266,1395900,A,False,2022-07-27
2022-07-28,128.1699981689453,131.82000732421875,126.77999877929688,131.11000061035156,1861400,A,False,2022-07-28
2022-07-29,131.27000427246094,134.5,130.89999389648438,134.10000610351562,2214900,A,False,2022-07-29
2022-08-01,133.50999450683594,135.22999572753906,133.25999450683594,133.42999267578125,1081700,A,False,2022-08-01
2022-08-02,132.41000366210938,134.67999267578125,131.08999633789062,131.27999877929688,1398600,A,False,2022-08-02
2022-08-03,133.4499969482422,135.25999450683594,133.02000427246094,134.55999755859375,2113200,A,False,2022-08-03
2022-08-04,134.69000244140625,135.0,132.74000549316406,133.77000427246094,895600,A,False,2022-08-04
2022-08-05,132.27000427246094,133.83999633789062,131.75,133.61000061035156,675800,A,False,2022-08-05
2022-08-08,134.1999969482422,134.4199981689453,132.13999938964844,132.52000427246094,1257100,A,False,2022-08-08
2022-08-09,132.5,132.5,128.02000427246094,128.8800048828125,894700,A,False,2022-08-09
2022-08-10,131.3699951171875,132.77000427246094,130.14999389648438,132.5800018310547,1022000,A,False,2022-08-10
2022-08-11,132.91000366210938,135.1300048828125,131.58999633789062,131.9499969482422,1162500,A,False,2022-08-11
2022-08-12,132.25999450683594,133.6300048828125,131.42999267578125,133.5500030517578,865800,A,False,2022-08-12
2022-08-15,133.27999877929688,134.6199951171875,132.6699981689453,133.89999389648438,1291100,A,False,2022-08-15
2022-08-16,132.88999938964844,133.4199981689453,131.66000366210938,132.77000427246094,1810000,A,False,2022-08-16
2022-08-17,148.83999633789062,149.0,140.02999877929688,142.2899932861328,4110100,A,False,2022-08-17
2022-08-18,141.8800048828125,141.9600067138672,138.75999450683594,139.97000122070312,1740300,A,False,2022-08-18
2022-08-19,139.35000610351562,139.72999572753906,137.25999450683594,137.6199951171875,1477500,A,False,2022-08-19
2022-08-22,135.3000030517578,136.02999877929688,133.55999755859375,133.94000244140625,1250700,A,False,2022-08-22
2022-08-23,133.11000061035156,134.10000610351562,132.0399932861328,132.63999938964844,1188300,A,False,2022-08-23
2022-08-24,133.02000427246094,134.5399932861328,132.64999389648438,133.6699981689453,1020500,A,False,2022-08-24
2022-08-25,135.3000030517578,136.0800018310547,133.99000549316406,136.00999450683594,969100,A,False,2022-08-25
2022-08-26,136.0,136.0500030517578,129.77999877929688,129.8699951171875,1252700,A,False,2022-08-26
2022-08-29,128.42999267578125,129.35000610351562,127.18000030517578,128.11000061035156,926000,A,False,2022-08-29
2022-08-30,128.50999450683594,129.02000427246094,127.16000366210938,128.27999877929688,1772400,A,False,2022-08-30
2022-08-31,129.3800048828125,130.22999572753906,128.0,128.25,1890700,A,False,2022-08-31
2022-09-01,127.62999725341795,129.11000061035156,126.20999908447266,128.92999267578125,1282000,A,False,2022-09-01
2022-09-02,129.7899932861328,130.27000427246094,127.12000274658205,128.00999450683594,1695900,A,False,2022-09-02
2022-09-06,129.3800048828125,130.57000732421875,127.72000122070312,129.3000030517578,1533500,A,False,2022-09-06
2022-09-07,128.97000122070312,131.82000732421875,128.61000061035156,131.42999267578125,1254600,A,False,2022-09-07
2022-09-08,130.92999267578125,135.27000427246094,130.7100067138672,135.19000244140625,1355100,A,False,2022-09-08
2022-09-09,135.97999572753906,137.9199981689453,135.42999267578125,137.6300048828125,2425200,A,False,2022-09-09
2022-09-12,137.52999877929688,140.0,137.22999572753906,139.8699951171875,1851100,A,False,2022-09-12
2022-09-13,136.32000732421875,137.41000366210938,133.44000244140625,133.5399932861328,1587000,A,False,2022-09-13
2022-09-14,133.8000030517578,135.36000061035156,132.10000610351562,133.25,1577000,A,False,2022-09-14
2022-09-15,133.80999755859375,135.50999450683594,132.66000366210938,133.16000366210938,1446500,A,False,2022-09-15
2022-09-19,130.7899932861328,130.7899932861328,128.27999877929688,130.72000122070312,3360200,,False,2022-09-19
2022-09-21,129.10000610351562,129.60000610351562,126.33000183105467,126.4800033569336,2380400,,False,2022-09-21
2022-09-22,125.5500030517578,126.04000091552734,123.76000213623048,124.38999938964844,1378600,A,False,2022-09-22
2022-09-26,123.7300033569336,124.25,121.44000244140624,122.30999755859376,3215000,,False,2022-09-26
2022-09-27,123.87000274658205,124.06999969482422,120.5999984741211,121.61000061035156,1040500,A,False,2022-09-27
2022-10-03,122.7699966430664,127.3000030517578,122.27999877929688,126.37999725341795,5641400,,False,2022-10-03
2022-10-04,128.7899932861328,131.55999755859375,128.57000732421875,131.41000366210938,1647800,A,False,2022-10-04
2022-10-05,129.99000549316406,133.52999877929688,129.5,132.63999938964844,1567700,A,False,2022-10-05
2022-10-06,132.3000030517578,133.82000732421875,131.60000610351562,132.17999267578125,1218400,A,False,2022-10-06
2022-10-07,130.4499969482422,130.92999267578125,126.95999908447266,127.44000244140624,1154700,A,False,2022-10-07
2022-10-10,128.0500030517578,128.0500030517578,124.30999755859376,125.9499969482422,1246000,A,False,2022-10-10
2022-10-13,125.0,127.0999984741211,122.3499984741211,127.0999984741211,4608500,,False,2022-10-13
2022-10-14,129.0,130.22000122070312,125.47000122070312,125.6999969482422,1217200,A,False,2022-10-14
2022-10-17,127.37999725341795,131.08999633789062,127.37999725341795,130.55999755859375,1197900,A,False,2022-10-17
2022-10-18,133.9199981689453,134.67999267578125,131.1999969482422,132.3000030517578,1038100,A,False,2022-10-18
2022-10-19,130.11000061035156,130.27000427246094,127.23999786376952,128.9600067138672,1034000,A,False,2022-10-19
2022-10-21,127.83000183105467,129.74000549316406,124.81999969482422,129.74000549316406,2964200,,False,2022-10-21
2022-10-24,131.1300048828125,133.1300048828125,129.80999755859375,132.3000030517578,1045300,A,False,2022-10-24
2022-10-25,132.3000030517578,135.10000610351562,132.3000030517578,134.5,1206000,A,False,2022-10-25
2022-10-27,135.3300018310547,139.30999755859375,135.3300018310547,136.49000549316406,2312600,,False,2022-10-27
2022-10-31,136.3800048828125,138.92999267578125,135.02000427246094,138.35000610351562,2209500,,False,2022-10-31
2022-11-01,139.5,141.35000610351562,138.05999755859375,140.88999938964844,1182900,A,False,2022-11-01
2022-11-02,140.61000061035156,140.94000244140625,135.2100067138672,135.27000427246094,1806100,A,False,2022-11-02
2022-11-03,133.77000427246094,135.8699951171875,130.66000366210938,134.4600067138672,1199400,A,False,2022-11-03
2022-11-04,135.64999389648438,137.00999450683594,133.11000061035156,136.0800018310547,1272100,A,False,2022-11-04
2022-11-07,136.85000610351562,138.0800018310547,135.55999755859375,138.02999877929688,1213600,A,False,2022-11-07
2022-11-09,138.5,140.69000244140625,136.66000366210938,137.0,1999300,,False,2022-11-09
2022-11-10,142.8699951171875,146.72000122070312,142.52999877929688,146.3000030517578,1591900,A,False,2022-11-10
2022-11-11,147.1199951171875,149.74000549316406,146.35000610351562,148.30999755859375,1227500,A,False,2022-11-11
2022-11-16,148.75,148.75,146.3000030517578,147.1199951171875,3996200,,False,2022-11-16
2022-11-17,145.3300018310547,145.55999755859375,142.16000366210938,144.44000244140625,1465000,A,False,2022-11-17
2022-11-21,146.67999267578125,147.9600067138672,144.42999267578125,145.13999938964844,2975300,,False,2022-11-21
2022-11-25,154.7100067138672,157.44000244140625,154.7100067138672,156.9600067138672,5599300,,False,2022-11-25
2022-11-28,155.8699951171875,156.85000610351562,151.72999572753906,152.3000030517578,1386300,A,False,2022-11-28
2022-11-30,151.8800048828125,152.89999389648438,149.10000610351562,152.89999389648438,3822300,,False,2022-11-30
2022-12-01,156.72999572753906,156.99000549316406,154.4199981689453,156.1199951171875,1372400,A,False,2022-12-01
2022-12-02,153.97000122070312,156.72999572753906,153.58999633789062,155.6699981689453,1183200,A,False,2022-12-02
2022-12-05,153.83999633789062,153.88999938964844,151.25,152.6999969482422,1124700,A,False,2022-12-05
2022-12-06,152.14999389648438,153.0,149.91000366210938,151.35000610351562,1172300,A,False,2022-12-06
2022-12-07,151.22999572753906,154.35000610351562,151.1300048828125,153.72999572753906,1011100,A,False,2022-12-07
2022-12-08,154.4199981689453,156.99000549316406,153.47999572753906,156.27999877929688,1289900,A,False,2022-12-08
2022-12-12,155.6699981689453,155.97999572753906,152.67999267578125,155.3300018310547,2091600,,False,2022-12-12
2022-12-13,159.1999969482422,160.25999450683594,156.75999450683594,157.66000366210938,1534200,A,False,2022-12-13
2022-12-14,157.25999450683594,158.44000244140625,154.16000366210938,154.80999755859375,1344400,A,False,2022-12-14
2022-12-15,152.80999755859375,153.0399932861328,150.24000549316406,150.86000061035156,1483900,A,False,2022-12-15
2022-12-16,149.61000061035156,149.9499969482422,147.91000366210938,149.3000030517578,2436700,A,False,2022-12-16
2022-12-20,148.91000366210938,149.1300048828125,145.8800048828125,147.92999267578125,2825500,,False,2022-12-20
2022-12-21,148.94000244140625,150.27000427246094,147.88999938964844,150.08999633789062,1248100,A,False,2022-12-21
2022-12-22,148.41000366210938,149.19000244140625,146.61000061035156,149.00999450683594,1166800,A,False,2022-12-22
2022-12-23,149.00999450683594,150.25,148.22000122070312,149.22999572753906,779400,A,False,2022-12-23
2022-12-27,149.22999572753906,149.80999755859375,147.3000030517578,149.5500030517578,879500,A,False,2022-12-27
2022-12-28,149.77999877929688,151.3699951171875,147.63999938964844,148.08999633789062,784300,A,False,2022-12-28
2022-12-29,149.61000061035156,151.89999389648438,149.02000427246094,151.08999633789062,854400,A,False,2022-12-29
2022-12-30,149.75999450683594,149.85000610351562,147.8300018310547,149.64999389648438,699800,A,False,2022-12-30
2023-01-04,151.9600067138672,153.1300048828125,150.24000549316406,151.6699981689453,2661700,,False,2023-01-04
2023-01-09,150.0,151.27999877929688,143.00999450683594,147.47000122070312,5429200,,False,2023-01-09
2023-01-10,150.17999267578125,155.5500030517578,148.75,155.22999572753906,1565700,A,False,2023-01-10
2023-01-11,155.22999572753906,158.5800018310547,155.22999572753906,158.1699981689453,1241900,A,False,2023-01-11
2023-01-12,158.16000366210938,158.60000610351562,155.5800018310547,156.49000549316406,809100,A,False,2023-01-12
2023-01-13,155.5399932861328,157.27999877929688,154.5,156.9199981689453,921700,A,False,2023-01-13
2023-01-18,156.67999267578125,158.16000366210938,155.02999877929688,155.02999877929688,2752900,,False,2023-01-18
2023-01-19,153.5800018310547,154.9199981689453,152.13999938964844,152.8699951171875,1017400,A,False,2023-01-19
2023-01-20,153.5,156.00999450683594,152.41000366210938,155.9199981689453,1343700,A,False,2023-01-20
2023-01-23,156.0,159.58999633789062,155.6699981689453,159.05999755859375,974900,A,False,2023-01-23
2023-01-24,156.27000427246094,158.50999450683594,154.4600067138672,155.69000244140625,1121500,A,False,2023-01-24
2023-01-25,154.0,156.5399932861328,152.8300018310547,155.75999450683594,736200,A,False,2023-01-25
2023-01-26,156.97000122070312,157.66000366210938,155.19000244140625,156.22999572753906,776300,A,False,2023-01-26
2023-01-27,155.75,156.9600067138672,154.80999755859375,155.69000244140625,646200,A,False,2023-01-27
2023-01-30,154.5,155.52000427246094,150.8800048828125,151.74000549316406,1401100,A,False,2023-01-30
2023-01-31,151.61000061035156,153.4600067138672,150.2100067138672,152.0800018310547,1995400,A,False,2023-01-31
2023-02-01,153.30999755859375,156.2899932861328,151.72000122070312,155.4499969482422,1499900,A,False,2023-02-01
2023-02-02,156.66000366210938,157.30999755859375,154.77000427246094,155.5,1725600,A,False,2023-02-02
2023-02-03,153.1699981689453,155.4199981689453,152.74000549316406,154.5500030517578,992800,A,False,2023-02-03
2023-02-07,152.72999572753906,154.39999389648438,151.1300048828125,154.39999389648438,1898200,,False,2023-02-07
2023-02-09,153.63999938964844,156.32000732421875,153.22999572753906,153.22999572753906,1925700,,False,2023-02-09
2023-02-10,151.8000030517578,152.99000549316406,151.07000732421875,152.5500030517578,934800,A,False,2023-02-10
2023-02-14,153.27000427246094,155.75,152.00999450683594,153.0399932861328,1820800,,False,2023-02-14
2023-02-15,152.22000122070312,152.32000732421875,150.3000030517578,151.75,982400,A,False,2023-02-15
2023-02-16,148.80999755859375,150.16000366210938,147.22999572753906,148.27999877929688,1101700,A,False,2023-02-16
2023-02-17,147.25999450683594,148.94000244140625,146.49000549316406,148.25999450683594,1194800,A,False,2023-02-17
2023-02-21,146.60000610351562,146.64999389648438,142.6300048828125,143.4199981689453,1693800,A,False,2023-02-21
2023-02-22,143.3699951171875,143.44000244140625,140.9499969482422,142.0800018310547,1691300,A,False,2023-02-22
2023-02-23,142.08999633789062,143.5800018310547,141.30999755859375,143.1999969482422,1511500,A,False,2023-02-23
2023-02-24,141.4600067138672,142.24000549316406,138.72000122070312,141.1999969482422,1522100,A,False,2023-02-24
2023-02-27,142.8800048828125,143.75999450683594,141.80999755859375,142.17999267578125,1149600,A,False,2023-02-27
2023-02-28,141.75,143.3800048828125,141.38999938964844,141.97000122070312,2342500,A,False,2023-02-28
2023-03-02,138.5800018310547,139.99000549316406,136.0800018310547,139.99000549316406,5012000,,False,2023-03-02
2023-03-03,142.5399932861328,144.44000244140625,141.97999572753906,143.92999267578125,1147800,A,False,2023-03-03
2023-03-06,143.35000610351562,145.44000244140625,142.67999267578125,143.22999572753906,1153600,A,False,2023-03-06
2023-03-07,143.55999755859375,143.66000366210938,140.22999572753906,140.3300018310547,1088400,A,False,2023-03-07
2023-03-09,140.14999389648438,141.5800018310547,138.3000030517578,138.92999267578125,2464800,,False,2023-03-09
2023-03-13,138.27999877929688,138.27999877929688,134.7100067138672,136.69000244140625,3667400,,False,2023-03-13
2023-03-14,138.44000244140625,139.60000610351562,136.42999267578125,138.39999389648438,1255400,A,False,2023-03-14
2023-03-15,135.92999267578125,135.92999267578125,132.1999969482422,134.02999877929688,2016700,A,False,2023-03-15
2023-03-20,133.97000122070312,137.0500030517578,132.72999572753906,134.5399932861328,5539800,,False,2023-03-20
2023-03-22,135.55999755859375,137.5399932861328,135.22000122070312,135.22000122070312,2660800,,False,2023-03-22
2023-03-23,134.66000366210938,135.07000732421875,129.3699951171875,131.1300048828125,3297900,A,False,2023-03-23
2023-03-24,130.13999938964844,131.97999572753906,128.22000122070312,131.9600067138672,1571600,A,False,2023-03-24
2023-03-27,133.5800018310547,134.6199951171875,132.72999572753906,133.07000732421875,1216300,A,False,2023-03-27
2023-03-28,132.5399932861328,133.30999755859375,132.00999450683594,132.6300048828125,942600,A,False,2023-03-28
2023-03-29,133.9499969482422,134.24000549316406,132.6300048828125,133.85000610351562,1002800,A,False,2023-03-29
2023-03-30,135.27000427246094,135.5399932861328,133.32000732421875,134.49000549316406,1468200,A,False,2023-03-30
2023-04-03,136.00999450683594,138.72999572753906,136.00999450683594,137.86000061035156,4131600,,False,2023-04-03
2023-04-05,138.25,139.27000427246094,137.52999877929688,138.08999633789062,4090800,,False,2023-04-05
2023-04-06,138.00999450683594,138.1300048828125,136.58999633789062,138.02999877929688,1206200,A,False,2023-04-06
2023-04-10,137.3800048828125,138.0800018310547,135.86000061035156,138.02000427246094,1104600,A,False,2023-04-10
2023-04-12,138.8699951171875,141.35000610351562,138.14999389648438,138.36000061035156,2299500,,False,2023-04-12
2023-04-13,139.17999267578125,141.47999572753906,138.99000549316406,141.27999877929688,1030900,A,False,2023-04-13
2023-04-14,140.36000061035156,141.19000244140625,138.92999267578125,139.1999969482422,954300,A,False,2023-04-14
2023-04-18,139.6199951171875,140.2100067138672,138.2100067138672,139.0,2334400,,False,2023-04-18
2023-04-19,138.3699951171875,139.6199951171875,137.67999267578125,138.92999267578125,1178400,A,False,2023-04-19
2023-04-20,136.86000061035156,137.0500030517578,134.8699951171875,135.52999877929688,1325900,A,False,2023-04-20
2023-04-21,136.2100067138672,138.55999755859375,136.2100067138672,138.5,1533600,A,False,2023-04-21
2023-04-24,138.8000030517578,139.52000427246094,138.08999633789062,138.47999572753906,856700,A,False,2023-04-24
2023-04-25,136.5399932861328,136.77999877929688,129.72000122070312,130.3699951171875,2154900,A,False,2023-04-25
2023-04-26,128.14999389648438,133.83999633789062,128.11000061035156,133.1199951171875,3003800,A,False,2023-04-26
2023-04-27,132.9600067138672,133.86000061035156,131.3300018310547,133.25,1125300,A,False,2023-04-27
2023-04-28,133.4499969482422,136.92999267578125,133.4499969482422,135.42999267578125,2032800,A,False,2023-04-28
2023-05-02,136.02000427246094,137.16000366210938,135.75999450683594,135.75999450683594,2642500,,False,2023-05-02
2023-05-03,135.88999938964844,136.5399932861328,134.6300048828125,134.77000427246094,1529100,A,False,2023-05-03
2023-05-04,135.3800048828125,136.0399932861328,133.75999450683594,133.8800048828125,1103700,A,False,2023-05-04
2023-05-05,135.3000030517578,135.41000366210938,131.91000366210938,133.3000030517578,1890100,A,False,2023-05-05
2023-05-08,134.00999450683594,134.2100067138672,131.75,132.4499969482422,1005300,A,False,2023-05-08
2023-05-09,128.5,128.5,125.36000061035156,127.3499984741211,3437100,A,False,2023-05-09
2023-05-10,128.7100067138672,128.89999389648438,126.16000366210938,128.05999755859375,1255700,A,False,2023-05-10
2023-05-11,127.16999816894533,127.6999969482422,125.47000122070312,127.66000366210938,1580600,A,False,2023-05-11
2023-05-15,128.67999267578125,128.67999267578125,126.75,127.98999786376952,2685400,,False,2023-05-15
2023-05-17,126.97000122070312,127.4000015258789,125.77999877929688,127.4000015258789,3158200,,False,2023-05-17
2023-05-18,127.6500015258789,129.3300018310547,126.48999786376952,129.13999938964844,1637000,A,False,2023-05-18
2023-05-19,129.58999633789062,130.47000122070312,128.6199951171875,128.8699951171875,1480400,A,False,2023-05-19
2023-05-23,128.66000366210938,129.75,127.91000366210938,128.63999938964844,4548900,,False,2023-05-23
2023-05-24,115.1999969482422,121.08999633789062,113.27999877929688,120.98999786376952,6850400,A,False,2023-05-24
2023-05-26,121.41000366210938,121.41000366210938,118.37999725341795,120.41999816894533,5308000,,False,2023-05-26
2023-05-30,120.01000213623048,121.30999755859376,117.66999816894533,117.7300033569336,2094800,A,False,2023-05-30
2023-05-31,116.98999786376952,117.1500015258789,114.8000030517578,115.66999816894533,3998800,A,False,2023-05-31
2023-06-01,116.97000122070312,117.63999938964844,115.0,116.26000213623048,3966100,A,False,2023-06-01
2023-06-02,117.7699966430664,118.41000366210938,116.0199966430664,118.22000122070312,3263100,A,False,2023-06-02
2023-06-05,118.58000183105467,119.76000213623048,117.08999633789062,118.3499984741211,2129300,A,False,2023-06-05
2023-06-06,118.77999877929688,119.22000122070312,116.63999938964844,117.44000244140624,1758800,A,False,2023-06-06
2023-06-07,117.16999816894533,117.37000274658205,115.13999938964844,116.58999633789062,3643500,A,False,2023-06-07
2023-06-08,115.93000030517578,116.9000015258789,114.66000366210938,114.69000244140624,2558600,A,False,2023-06-08
2023-06-09,115.58000183105467,116.0,114.16000366210938,115.79000091552734,1981500,A,False,2023-06-09
2023-06-12,115.86000061035156,118.6500015258789,115.81999969482422,118.54000091552734,2747800,A,False,2023-06-12
2023-06-15,118.9000015258789,121.73999786376952,118.9000015258789,121.2300033569336,6956400,,False,2023-06-15
2023-06-16,122.0999984741211,123.18000030517578,120.62999725341795,121.12999725341795,3941300,A,False,2023-06-16
2023-06-20,118.63999938964844,118.79000091552734,116.87999725341795,118.16000366210938,2108200,A,False,2023-06-20
2023-06-21,117.79000091552734,119.11000061035156,117.2699966430664,118.33000183105467,1393400,A,False,2023-06-21
2023-06-22,118.83999633789062,118.9499969482422,117.16999816894533,118.68000030517578,1736000,A,False,2023-06-22
2023-06-26,117.76000213623048,119.8000030517578,117.58000183105467,118.37000274658205,4306000,,False,2023-06-26
2023-06-27,118.47000122070312,118.95999908447266,116.7300033569336,117.04000091552734,2326100,A,False,2023-06-27
2023-06-28,116.6999969482422,117.11000061035156,115.70999908447266,116.37000274658205,2196800,A,False,2023-06-28
2023-06-29,116.16000366210938,118.25,116.06999969482422,118.0500030517578,1885800,A,False,2023-06-29
2023-06-30,118.7300033569336,120.69000244140624,118.3000030517578,120.25,2487900,A,False,2023-06-30
2023-07-03,120.0199966430664,120.8499984741211,119.22000122070312,119.31999969482422,996200,A,False,2023-07-03
2023-07-05,118.9499969482422,120.27999877929688,118.61000061035156,119.5,1246200,A,False,2023-07-05
2023-07-06,116.36000061035156,118.88999938964844,115.66000366210938,118.43000030517578,1626600,A,False,2023-07-06
2023-07-11,117.66999816894533,119.5199966430664,117.63999938964844,118.4800033569336,4479200,,False,2023-07-11
2023-07-13,120.0,120.87000274658205,119.1500015258789,119.3499984741211,2825200,,False,2023-07-13
2023-07-14,119.54000091552734,120.38999938964844,118.25,119.75,1225400,A,False,2023-07-14
2023-07-18,119.79000091552734,119.79000091552734,117.66000366210938,119.55999755859376,2485700,,False,2023-07-18
2023-07-19,120.01000213623048,123.33999633789062,119.86000061035156,123.08000183105467,2425400,A,False,2023-07-19
2023-07-20,123.51000213623048,124.9000015258789,123.12999725341795,124.5500030517578,2278800,A,False,2023-07-20
2023-07-21,124.5500030517578,128.3000030517578,123.13999938964844,127.62000274658205,3918200,A,False,2023-07-21
2023-07-25,127.62000274658205,129.5500030517578,127.19000244140624,127.30999755859376,4200600,,False,2023-07-25
2023-07-26,125.0,128.52999877929688,123.4000015258789,128.47000122070312,2507500,A,False,2023-07-26
2023-07-27,129.8699951171875,130.0,126.63999938964844,126.66000366210938,2582500,A,False,2023-07-27
2023-07-28,127.25,127.51000213623048,123.16000366210938,126.0500030517578,3138800,A,False,2023-07-28
2023-07-31,124.37999725341795,124.4499969482422,121.22000122070312,121.7699966430664,2376100,A,False,2023-07-31
2023-08-01,121.77999877929688,123.58000183105467,120.45999908447266,122.4800033569336,1655000,A,False,2023-08-01
2023-08-07,125.6999969482422,128.72999572753906,125.6999969482422,126.51000213623048,7703800,,False,2023-08-07
2023-08-08,126.69000244140624,128.6300048828125,125.06999969482422,128.35000610351562,2525200,A,False,2023-08-08
2023-08-10,128.16000366210938,129.99000549316406,127.52999877929688,127.6500015258789,3302000,,False,2023-08-10
2023-08-15,126.7699966430664,127.18000030517578,125.19000244140624,125.6500015258789,5113900,,False,2023-08-15
2023-08-17,121.98999786376952,122.6500015258789,120.37000274658205,120.8499984741211,5569600,,False,2023-08-17
2023-08-18,120.19000244140624,120.7300033569336,119.04000091552734,119.25,1803900,A,False,2023-08-18
2023-08-21,119.5,119.56999969482422,117.70999908447266,118.86000061035156,2249300,A,False,2023-08-21
2023-08-22,117.8499984741211,118.61000061035156,117.33000183105467,117.63999938964844,1422300,A,False,2023-08-22
2023-08-23,118.51000213623048,119.1500015258789,117.70999908447266,119.12999725341795,1289300,A,False,2023-08-23
2023-08-25,119.36000061035156,120.81999969482422,118.58000183105467,119.68000030517578,3319200,,False,2023-08-25
2023-08-28,119.9499969482422,120.94000244140624,119.33999633789062,119.91999816894533,1052400,A,False,2023-08-28
2023-08-29,120.12999725341795,122.29000091552734,119.61000061035156,122.0199966430664,838300,A,False,2023-08-29
2023-09-01,122.33999633789062,123.68000030517578,121.62999725341795,121.91000366210938,4873700,,False,2023-09-01
2023-09-05,121.63999938964844,122.54000091552734,118.66999816894533,118.7300033569336,1270600,A,False,2023-09-05
2023-09-06,118.3499984741211,118.66000366210938,116.52999877929688,117.94000244140624,1668900,A,False,2023-09-06
2023-09-07,117.97000122070312,118.01000213623048,116.08999633789062,116.26000213623048,1317000,A,False,2023-09-07
2023-09-08,116.01000213623048,116.20999908447266,113.70999908447266,113.98999786376952,1789800,A,False,2023-09-08
2023-09-11,114.29000091552734,114.38999938964844,112.62000274658205,113.0999984741211,2046900,A,False,2023-09-11
2023-09-13,113.4000015258789,113.97000122070312,109.0,113.43000030517578,4555500,,False,2023-09-13
2023-09-14,113.79000091552734,115.30999755859376,111.68000030517578,114.87999725341795,1815800,A,False,2023-09-14
2023-09-15,114.43000030517578,121.91999816894533,113.43000030517578,115.91000366210938,6889600,A,False,2023-09-15
2023-09-18,115.0,115.0,112.66000366210938,112.69000244140624,1818000,A,False,2023-09-18
2023-09-19,112.37000274658205,113.2300033569336,111.72000122070312,112.30999755859376,2222400,A,False,2023-09-19
2023-09-20,113.08000183105467,113.47000122070312,112.16999816894533,112.47000122070312,1744900,A,False,2023-09-20
2023-09-21,112.02999877929688,112.1999969482422,109.5,109.7300033569336,1327900,A,False,2023-09-21
2023-09-25,109.7300033569336,112.02999877929688,109.11000061035156,111.94000244140624,3037900,,False,2023-09-25
2023-09-26,110.87999725341795,112.25,110.68000030517578,110.7300033569336,1399800,A,False,2023-09-26
2023-09-27,110.95999908447266,111.25,109.62000274658205,110.5,2268300,A,False,2023-09-27
2023-09-28,110.4800033569336,112.68000030517578,110.44000244140624,112.0,1959900,A,False,2023-09-28
2023-09-29,113.12000274658205,113.16999816894533,111.4499969482422,111.81999969482422,1830100,A,False,2023-09-29
2023-10-05,110.9000015258789,111.76000213623048,108.7699966430664,110.3499984741211,5949800,,False,2023-10-05
2023-10-06,109.48999786376952,111.7699966430664,109.36000061035156,110.63999938964844,1796100,A,False,2023-10-06
2023-10-09,109.97000122070312,111.30999755859376,109.12000274658205,111.27999877929688,1320300,A,False,2023-10-09
2023-10-11,112.0500030517578,113.83000183105467,112.0500030517578,113.37999725341795,3564500,,False,2023-10-11
2023-10-12,113.11000061035156,113.4000015258789,108.33000183105467,108.94000244140624,3622500,A,False,2023-10-12
2023-10-13,108.0199966430664,110.61000061035156,106.81999969482422,110.51000213623048,2807600,A,False,2023-10-13
2023-10-17,111.04000091552734,112.91000366210938,109.63999938964844,112.4000015258789,3358300,,False,2023-10-17
2023-10-18,111.33000183105467,111.33000183105467,108.54000091552734,108.61000061035156,1803500,A,False,2023-10-18
2023-10-20,109.25,111.37999725341795,109.18000030517578,109.2300033569336,4396200,,False,2023-10-20
2023-10-23,108.0999984741211,109.91000366210938,107.4000015258789,109.33999633789062,2886000,A,False,2023-10-23
2023-10-24,107.5,108.05999755859376,105.36000061035156,105.63999938964844,3204200,A,False,2023-10-24
2023-10-25,102.9000015258789,104.16999816894533,100.08000183105467,103.4000015258789,2699600,A,False,2023-10-25
2023-10-26,103.47000122070312,104.91000366210938,103.23999786376952,104.30999755859376,1599100,A,False,2023-10-26
2023-10-27,104.54000091552734,104.77999877929688,102.4000015258789,102.7699966430664,2004000,A,False,2023-10-27
2023-10-30,102.70999908447266,102.77999877929688,96.8000030517578,101.16999816894533,3684900,A,False,2023-10-30
2023-10-31,103.0,104.1999969482422,101.94000244140624,103.37000274658205,2218800,A,False,2023-10-31
2023-11-01,102.5,103.20999908447266,100.26000213623048,102.86000061035156,2284600,A,False,2023-11-01
2023-11-02,103.97000122070312,104.63999938964844,102.6999969482422,104.47000122070312,1489000,A,False,2023-11-02
2023-11-07,107.16999816894533,110.80999755859376,107.16999816894533,110.54000091552734,6065600,,False,2023-11-07
2023-11-08,110.88999938964844,111.56999969482422,108.45999908447266,109.38999938964844,1495000,A,False,2023-11-08
2023-11-09,110.12000274658205,110.12000274658205,107.54000091552734,107.73999786376952,1481100,A,False,2023-11-09
2023-11-13,107.72000122070312,108.2699966430664,104.08999633789062,107.45999908447266,3048100,,False,2023-11-13
2023-11-14,109.5500030517578,112.29000091552734,109.45999908447266,111.61000061035156,2009700,A,False,2023-11-14
2023-11-16,113.55999755859376,114.5199966430664,113.55999755859376,114.19000244140624,3749500,,False,2023-11-16
2023-11-17,113.9800033569336,114.47000122070312,112.05999755859376,113.1500015258789,2700800,A,False,2023-11-17
2023-11-20,113.25,114.5,112.38999938964844,113.9800033569336,3050000,A,False,2023-11-20
2023-11-21,121.45999908447266,124.68000030517578,121.2300033569336,123.91999816894533,6085800,A,False,2023-11-21
2023-11-27,124.88999938964844,126.7699966430664,124.88999938964844,125.01000213623048,6112800,,False,2023-11-27
2023-11-28,124.63999938964844,126.2699966430664,124.0999984741211,124.70999908447266,1949800,A,False,2023-11-28
2023-11-29,125.58999633789062,127.7300033569336,125.58999633789062,127.58999633789062,2266200,A,False,2023-11-29
2023-12-01,128.0,129.00999450683594,126.97000122070312,128.7899932861328,4172500,,False,2023-12-01
2023-12-04,128.41000366210938,129.22000122070312,127.87000274658205,128.8800048828125,1543200,A,False,2023-12-04
2023-12-05,127.80999755859376,128.6300048828125,125.7699966430664,127.87999725341795,1933600,A,False,2023-12-05
2023-12-07,128.5,130.47999572753906,127.91999816894533,128.67999267578125,3513400,,False,2023-12-07
2023-12-08,128.08999633789062,129.0,126.97000122070312,127.1999969482422,1438100,A,False,2023-12-08
2023-12-11,127.62000274658205,129.6300048828125,127.22000122070312,128.97000122070312,1897100,A,False,2023-12-11
2023-12-12,128.0500030517578,129.1999969482422,127.0,128.7899932861328,1453500,A,False,2023-12-12
2023-12-13,129.08999633789062,134.0399932861328,128.77000427246094,133.74000549316406,1731400,A,False,2023-12-13
2023-12-14,135.0,138.1699981689453,135.0,137.9600067138672,2950500,A,False,2023-12-14
2023-12-18,137.24000549316406,138.89999389648438,136.86000061035156,137.52999877929688,6510700,,False,2023-12-18
2023-12-19,138.50999450683594,139.88999938964844,137.32000732421875,139.7899932861328,1523300,A,False,2023-12-19
2023-12-20,139.7899932861328,141.24000549316406,138.13999938964844,138.17999267578125,2120900,A,False,2023-12-20
2023-12-21,139.3800048828125,139.6699981689453,138.0,138.94000244140625,1685700,A,False,2023-12-21
2023-12-22,139.61000061035156,140.36000061035156,138.7899932861328,139.57000732421875,1204100,A,False,2023-12-22
2023-12-26,139.30999755859375,140.47000122070312,139.08999633789062,139.80999755859375,948400,A,False,2023-12-26
2023-12-27,139.77999877929688,140.16000366210938,139.0800018310547,139.82000732421875,1182300,A,False,2023-12-27
2023-12-28,140.5399932861328,140.80999755859375,139.64999389648438,139.77000427246094,892600,A,False,2023-12-28
2024-01-02,139.07000732421875,139.6999969482422,137.91000366210938,138.75,2456000,,False,2024-01-02
2024-01-03,138.0,138.0,131.07000732421875,131.16000366210938,2074500,A,False,2024-01-03
2024-01-05,130.5500030517578,131.5,128.6199951171875,130.55999755859375,3840600,,False,2024-01-05
2024-01-08,130.13999938964844,133.57000732421875,129.80999755859375,133.3800048828125,1311400,A,False,2024-01-08
2024-01-09,132.27000427246094,135.64999389648438,130.00999450683594,130.67999267578125,1435000,A,False,2024-01-09
2024-01-10,130.5800018310547,131.16000366210938,128.36000061035156,131.08999633789062,1326300,A,False,2024-01-10
2024-01-11,130.5800018310547,130.67999267578125,127.9000015258789,129.67999267578125,2060500,A,False,2024-01-11
2024-01-12,130.30999755859375,131.61000061035156,129.63999938964844,130.5399932861328,1285200,A,False,2024-01-12
2024-01-16,129.13999938964844,130.80999755859375,128.60000610351562,130.52999877929688,1382100,A,False,2024-01-16
2024-01-17,129.97999572753906,130.61000061035156,126.73999786376952,128.1199951171875,1257400,A,False,2024-01-17
2024-01-18,128.02000427246094,130.72999572753906,127.52999877929688,130.4600067138672,1404800,A,False,2024-01-18
2024-01-19,130.1699981689453,131.99000549316406,129.2100067138672,131.22000122070312,1523300,A,False,2024-01-19
2024-01-23,131.5,133.94000244140625,131.25,131.63999938964844,2367200,,False,2024-01-23
2024-01-25,131.42999267578125,131.42999267578125,129.42999267578125,129.8800048828125,2262800,,False,2024-01-25
2024-01-29,133.7100067138672,134.22999572753906,131.27999877929688,132.8300018310547,2727000,,False,2024-01-29
2024-01-31,132.8300018310547,134.6199951171875,132.69000244140625,132.69000244140625,2530100,,False,2024-01-31
2024-02-01,130.05999755859375,133.0500030517578,129.25999450683594,133.0500030517578,862000,A,False,2024-02-01
2024-02-02,131.83999633789062,133.9199981689453,130.30999755859375,132.97000122070312,1066300,A,False,2024-02-02
2024-02-07,132.74000549316406,136.91000366210938,132.3800048828125,132.7899932861328,5899100,,False,2024-02-07
2024-02-08,132.4199981689453,134.82000732421875,132.1300048828125,134.07000732421875,1352500,A,False,2024-02-08
2024-02-09,133.92999267578125,135.22999572753906,132.75999450683594,133.33999633789062,909700,A,False,2024-02-09
2024-02-12,133.27999877929688,133.27999877929688,130.3800048828125,132.30999755859375,1231800,A,False,2024-02-12
2024-02-13,130.33999633789062,131.63999938964844,128.25999450683594,129.75999450683594,1031100,A,False,2024-02-13
2024-02-14,131.0,132.3300018310547,130.2100067138672,132.24000549316406,1405200,A,False,2024-02-14
2024-02-15,132.99000549316406,135.60000610351562,132.67999267578125,134.75,1514500,A,False,2024-02-15
2024-02-16,133.58999633789062,136.27000427246094,133.58999633789062,134.83999633789062,1066800,A,False,2024-02-16
2024-02-21,133.6699981689453,135.3300018310547,133.1699981689453,135.3300018310547,2698600,,False,2024-02-21
2024-02-22,132.47999572753906,133.02999877929688,129.00999450683594,132.02000427246094,2664400,A,False,2024-02-22
2024-02-23,132.8000030517578,133.36000061035156,131.57000732421875,132.02999877929688,1878000,A,False,2024-02-23
2024-02-26,131.77999877929688,132.9199981689453,130.8300018310547,131.49000549316406,1677500,A,False,2024-02-26
2024-02-27,131.4499969482422,133.17999267578125,130.8699951171875,132.5500030517578,1772700,A,False,2024-02-27
2024-02-28,139.8800048828125,139.8800048828125,136.35000610351562,137.00999450683594,2537100,A,False,2024-02-28
2024-03-01,137.50999450683594,138.02999877929688,134.6699981689453,138.02999877929688,4153600,,False,2024-03-01
2024-03-04,139.14999389648438,143.49000549316406,138.80999755859375,142.86000061035156,2169200,A,False,2024-03-04
2024-03-05,143.0,146.39999389648438,143.0,144.35000610351562,2622500,A,False,2024-03-05
2024-03-06,145.0,147.44000244140625,144.75,146.22000122070312,2357900,A,False,2024-03-06
2024-03-07,147.08999633789062,149.63999938964844,147.08999633789062,149.30999755859375,1942900,A,False,2024-03-07
2024-03-08,149.63999938964844,151.5800018310547,147.85000610351562,147.8699951171875,1588300,A,False,2024-03-08
2024-03-11,148.0,149.27999877929688,146.1199951171875,147.2899932861328,1397600,A,False,2024-03-11
2024-03-13,147.61000061035156,149.47999572753906,147.5399932861328,147.82000732421875,3423800,,False,2024-03-13
2024-03-15,147.89999389648438,148.25,143.99000549316406,147.47999572753906,5873700,,False,2024-03-15
2024-03-18,147.8800048828125,148.36000061035156,145.89999389648438,146.08999633789062,2281300,A,False,2024-03-18
2024-03-19,145.99000549316406,147.57000732421875,145.47000122070312,147.38999938964844,1976200,A,False,2024-03-19
2024-03-20,147.2100067138672,147.7100067138672,146.3800048828125,147.27999877929688,1526500,A,False,2024-03-20
2024-03-21,147.5800018310547,150.13999938964844,147.17999267578125,148.74000549316406,1574200,A,False,2024-03-21
2024-03-22,148.85000610351562,149.27999877929688,146.4199981689453,147.4499969482422,1076600,A,False,2024-03-22
2024-03-26,146.25999450683594,146.25999450683594,143.77999877929688,144.41000366210938,3731500,,False,2024-03-26
2024-03-27,145.64999389648438,147.47999572753906,144.52999877929688,147.3699951171875,1212200,A,False,2024-03-27
2024-03-28,147.5399932861328,147.67999267578125,145.36000061035156,145.50999450683594,2176500,A,False,2024-03-28
2024-04-01,146.17999267578125,146.5,144.4199981689453,145.55999755859375,968300,A,False,2024-04-01
2024-04-02,144.02000427246094,144.3300018310547,142.58999633789062,144.1699981689453,1376500,A,False,2024-04-02
2024-04-04,143.77000427246094,145.25999450683594,142.7899932861328,142.7899932861328,2395100,,False,2024-04-04
2024-04-08,144.17999267578125,145.7899932861328,143.42999267578125,144.4600067138672,2903100,,False,2024-04-08
2024-04-09,146.0,147.42999267578125,145.5,147.39999389648438,873700,A,False,2024-04-09
2024-04-10,144.4199981689453,145.05999755859375,143.5500030517578,144.16000366210938,1051800,A,False,2024-04-10
2024-04-11,145.64999389648438,145.86000061035156,143.6699981689453,145.0,720100,A,False,2024-04-11
2024-04-12,143.58999633789062,144.66000366210938,140.25999450683594,140.72999572753906,1124500,A,False,2024-04-12
2024-04-15,142.30999755859375,143.25,139.02000427246094,140.22000122070312,1506000,A,False,2024-04-15
2024-04-16,140.27999877929688,140.36000061035156,136.6300048828125,136.8000030517578,1345700,A,False,2024-04-16
2024-04-17,137.24000549316406,137.4600067138672,132.8699951171875,134.5500030517578,2084100,A,False,2024-04-17
2024-04-19,131.25999450683594,133.74000549316406,128.33999633789062,132.72999572753906,3240000,,False,2024-04-19
2024-04-22,133.5399932861328,135.02000427246094,131.77999877929688,133.91000366210938,850500,A,False,2024-04-22
2024-04-23,137.97999572753906,139.64999389648438,136.00999450683594,139.1999969482422,1979400,A,False,2024-04-23
2024-04-24,138.33999633789062,139.88999938964844,136.2100067138672,137.49000549316406,1553200,A,False,2024-04-24
2024-04-25,137.05999755859375,137.2100067138672,134.1199951171875,136.3699951171875,940800,A,False,2024-04-25
2024-04-26,136.4499969482422,138.36000061035156,135.0,137.74000549316406,754900,A,False,2024-04-26
2024-04-29,138.25999450683594,139.8699951171875,137.8800048828125,139.58999633789062,781200,A,False,2024-04-29
2024-05-01,138.60000610351562,139.64999389648438,136.1300048828125,138.69000244140625,1937700,,False,2024-05-01
2024-05-02,139.22999572753906,139.88999938964844,136.7100067138672,137.52000427246094,1146800,A,False,2024-05-02
2024-05-06,139.69000244140625,141.47000122070312,138.41000366210938,140.61000061035156,2737300,,False,2024-05-06
2024-05-07,141.1199951171875,142.14999389648438,139.75999450683594,141.27000427246094,1486800,A,False,2024-05-07
2024-05-08,141.1199951171875,143.0,140.0399932861328,142.8000030517578,1423500,A,False,2024-05-08
2024-05-09,143.11000061035156,145.47999572753906,142.82000732421875,145.13999938964844,1254000,A,False,2024-05-09
2024-05-14,148.3800048828125,152.80999755859375,148.3800048828125,151.27999877929688,5244300,,False,2024-05-14
2024-05-15,153.0,154.5500030517578,152.50999450683594,154.0800018310547,1524600,A,False,2024-05-15
2024-05-16,152.57000732421875,154.83999633789062,152.57000732421875,154.30999755859375,1325000,A,False,2024-05-16
2024-05-20,154.50999450683594,155.35000610351562,153.47000122070312,154.63999938964844,2763200,,False,2024-05-20
2024-05-22,154.35000610351562,154.49000549316406,152.33999633789062,152.8699951171875,2228400,,False,2024-05-22
2024-05-23,152.47000122070312,152.47000122070312,150.11000061035156,150.5500030517578,1005200,A,False,2024-05-23
2024-05-24,150.80999755859375,151.4600067138672,149.55999755859375,150.66000366210938,784300,A,False,2024-05-24
2024-05-28,150.82000732421875,151.19000244140625,147.6999969482422,148.2100067138672,1366900,A,False,2024-05-28
2024-05-29,146.74000549316406,146.99000549316406,144.75,145.47999572753906,1603200,A,False,2024-05-29
2024-06-04,125.3000030517578,132.25,125.3000030517578,130.85000610351562,16480100,,False,2024-06-04
2024-06-05,130.5399932861328,134.1999969482422,130.00999450683594,133.55999755859375,2707500,A,False,2024-06-05
2024-06-06,132.4600067138672,134.35000610351562,132.27999877929688,132.82000732421875,2269600,A,False,2024-06-06
2024-06-07,131.9499969482422,133.3800048828125,131.2899932861328,132.97999572753906,2365300,A,False,2024-06-07
2024-06-10,132.8699951171875,133.85000610351562,132.25,133.02999877929688,1673200,A,False,2024-06-10
2024-06-11,132.63999938964844,132.99000549316406,131.49000549316406,132.11000061035156,2081600,A,False,2024-06-11
2024-06-12,133.6300048828125,133.63999938964844,132.3300018310547,133.16000366210938,2399900,A,False,2024-06-12
2024-06-13,132.58999633789062,133.0,130.0399932861328,130.57000732421875,2555400,A,False,2024-06-13
2024-06-14,130.0,130.74000549316406,129.24000549316406,129.85000610351562,2163300,A,False,2024-06-14
2024-06-17,131.11000061035156,132.07000732421875,129.5,131.8300018310547,2090500,A,False,2024-06-17
2024-06-20,132.52999877929688,135.14999389648438,132.52999877929688,132.72999572753906,6340400,,False,2024-06-20
2024-06-21,132.85000610351562,134.5,132.1999969482422,133.25,4449700,A,False,2024-06-21
2024-06-24,135.3000030517578,137.7100067138672,134.33999633789062,135.0800018310547,3339500,A,False,2024-06-24
2024-06-25,135.0,136.00999450683594,134.2899932861328,134.69000244140625,2310800,A,False,2024-06-25
2024-06-26,133.99000549316406,135.2100067138672,132.75999450683594,133.08999633789062,1836800,A,False,2024-06-26
2024-06-28,132.1999969482422,132.99000549316406,128.38999938964844,129.6300048828125,11715600,,False,2024-06-28
2024-07-01,130.69000244140625,131.7899932861328,127.05999755859376,127.4000015258789,2364800,A,False,2024-07-01
2024-07-03,127.43000030517578,127.66000366210938,125.44000244140624,126.12999725341795,3269300,,False,2024-07-03
2024-07-05,126.4000015258789,126.61000061035156,125.29000091552734,126.37000274658205,1341700,A,False,2024-07-05
2024-07-08,126.68000030517578,126.7300033569336,125.4000015258789,126.06999969482422,2091100,A,False,2024-07-08
2024-07-09,126.23999786376952,126.23999786376952,124.16000366210938,125.41999816894533,1558900,A,False,2024-07-09
2024-07-10,126.41999816894533,127.13999938964844,125.54000091552734,127.06999969482422,1837300,A,False,2024-07-10
2024-07-11,128.8000030517578,131.5399932861328,127.87999725341795,130.82000732421875,1667200,A,False,2024-07-11
2024-07-15,131.1699981689453,133.39999389648438,130.77999877929688,131.00999450683594,2493000,,False,2024-07-15
2024-07-17,133.4199981689453,136.19000244140625,133.4199981689453,133.5,2095500,,False,2024-07-17
2024-07-18,132.32000732421875,135.2100067138672,131.66000366210938,131.97000122070312,2783500,A,False,2024-07-18
2024-07-19,131.9600067138672,132.77999877929688,130.2899932861328,131.77999877929688,1731400,A,False,2024-07-19
2024-07-23,133.05999755859375,137.66000366210938,131.39999389648438,131.39999389648438,3650200,,False,2024-07-23
2024-07-24,130.8699951171875,134.42999267578125,130.17999267578125,134.16000366210938,2066700,A,False,2024-07-24
2024-07-25,133.9499969482422,138.3699951171875,133.4499969482422,134.97999572753906,1338900,A,False,2024-07-25
2024-07-26,136.69000244140625,140.2899932861328,136.0800018310547,137.32000732421875,1717700,A,False,2024-07-26
2024-07-29,137.58999633789062,137.77999877929688,135.6199951171875,137.3800048828125,1222600,A,False,2024-07-29
2024-07-30,138.0399932861328,139.72999572753906,137.11000061035156,139.49000549316406,1428000,A,False,2024-07-30
2024-07-31,140.38999938964844,144.0,139.7100067138672,141.39999389648438,2582700,A,False,2024-07-31
2024-08-01,142.24000549316406,144.22000122070312,141.75,142.86000061035156,2896500,A,False,2024-08-01
2024-08-02,141.97999572753906,143.1699981689453,135.75999450683594,139.0399932861328,2298400,A,False,2024-08-02
2024-08-05,136.5500030517578,136.82000732421875,133.05999755859375,134.6999969482422,1885200,A,False,2024-08-05
2024-08-06,135.4199981689453,138.9199981689453,134.27000427246094,136.25999450683594,1462000,A,False,2024-08-06
2024-08-08,137.22000122070312,137.22000122070312,133.69000244140625,136.75999450683594,2530800,,False,2024-08-08
2024-08-09,136.83999633789062,137.86000061035156,136.10000610351562,136.89999389648438,737600,A,False,2024-08-09
2024-08-12,136.80999755859375,136.80999755859375,134.47999572753906,135.60000610351562,1347200,A,False,2024-08-12
2024-08-13,135.8300018310547,137.6999969482422,135.3300018310547,137.4199981689453,1158000,A,False,2024-08-13
2024-08-14,137.92999267578125,138.69000244140625,135.8800048828125,136.02999877929688,1090000,A,False,2024-08-14
2024-08-15,137.66000366210938,139.99000549316406,137.66000366210938,139.88999938964844,1120300,A,False,2024-08-15
2024-08-16,139.7899932861328,140.89999389648438,138.52000427246094,140.0399932861328,1284800,A,False,2024-08-16
2024-08-19,140.5500030517578,141.2899932861328,139.27999877929688,140.50999450683594,1714000,A,False,2024-08-19
2024-08-20,140.60000610351562,141.5399932861328,139.42999267578125,139.75,1227700,A,False,2024-08-20
2024-08-22,139.97999572753906,140.7899932861328,138.14999389648438,140.22000122070312,4897500,,False,2024-08-22
2024-08-23,141.2100067138672,142.27000427246094,140.16000366210938,140.8699951171875,1735700,A,False,2024-08-23
2024-08-27,141.11000061035156,141.17999267578125,139.7100067138672,141.10000610351562,1962900,,False,2024-08-27
2024-08-28,141.52999877929688,142.30999755859375,140.2899932861328,141.05999755859375,1089900,A,False,2024-08-28
2024-08-29,142.07000732421875,143.44000244140625,141.11000061035156,142.52999877929688,1577400,A,False,2024-08-29
2024-09-03,142.16000366210938,143.27000427246094,138.05999755859375,138.9600067138672,3199900,,False,2024-09-03
2024-09-05,138.38999938964844,139.05999755859375,136.49000549316406,138.36000061035156,2563300,,False,2024-09-05
2024-09-09,138.4499969482422,140.0,137.14999389648438,138.08999633789062,3068700,,False,2024-09-09
2024-09-13,137.52999877929688,137.61000061035156,134.25,137.30999755859375,5297500,,False,2024-09-13
2024-09-18,138.27999877929688,141.0,137.5,139.00999450683594,3487700,,False,2024-09-18
2024-09-19,141.85000610351562,143.44000244140625,141.4600067138672,141.9499969482422,1225900,A,False,2024-09-19
2024-09-23,141.14999389648438,141.14999389648438,137.8800048828125,139.7899932861328,4793100,,False,2024-09-23
2024-09-24,140.10000610351562,143.27000427246094,139.30999755859375,141.8699951171875,1930100,A,False,2024-09-24
2024-09-25,141.97000122070312,142.83999633789062,139.2100067138672,139.44000244140625,1437300,A,False,2024-09-25
2024-09-26,141.25999450683594,146.9600067138672,140.5399932861328,146.74000549316406,2149700,A,False,2024-09-26
2024-09-27,147.17999267578125,150.0800018310547,147.17999267578125,148.05999755859375,2213000,A,False,2024-09-27
2024-09-30,147.6999969482422,148.8300018310547,146.7100067138672,148.47999572753906,1408300,A,False,2024-09-30
2024-10-03,145.97999572753906,145.97999572753906,144.02000427246094,144.5500030517578,3708700,,False,2024-10-03
2024-10-04,146.1999969482422,146.55999755859375,144.1999969482422,144.97000122070312,1001100,A,False,2024-10-04
2024-10-07,144.1300048828125,144.4499969482422,142.8300018310547,143.88999938964844,836700,A,False,2024-10-07
2024-10-08,144.0,145.24000549316406,143.83999633789062,144.61000061035156,915000,A,False,2024-10-08
2024-10-09,145.02999877929688,145.58999633789062,144.17999267578125,144.8000030517578,634700,A,False,2024-10-09
2024-10-10,143.2100067138672,144.41000366210938,142.60000610351562,142.74000549316406,1288900,A,False,2024-10-10
2024-10-14,143.05999755859375,145.07000732421875,143.05999755859375,144.25,3192600,,False,2024-10-14
2024-10-15,144.35000610351562,146.66000366210938,144.07000732421875,144.5800018310547,1251200,A,False,2024-10-15
2024-10-16,141.50999450683594,142.57000732421875,138.44000244140625,139.11000061035156,1702100,A,False,2024-10-16
2024-10-18,139.52000427246094,139.52000427246094,136.47999572753906,138.8300018310547,2778100,,False,2024-10-18
2024-10-21,138.35000610351562,138.80999755859375,136.22000122070312,136.75999450683594,975900,A,False,2024-10-21
2024-10-22,134.69000244140625,134.75,131.97999572753906,133.4600067138672,1822700,A,False,2024-10-22
2024-10-23,133.27000427246094,134.3000030517578,131.36000061035156,133.02999877929688,1657500,A,False,2024-10-23
2024-10-24,133.13999938964844,133.30999755859375,130.69000244140625,130.69000244140625,1830100,A,False,2024-10-24
2024-10-25,131.17999267578125,131.7100067138672,129.35000610351562,130.19000244140625,1248500,A,False,2024-10-25
2024-10-28,131.75,132.22999572753906,130.33999633789062,131.5399932861328,1739800,A,False,2024-10-28
2024-10-29,131.13999938964844,132.2899932861328,130.55999755859375,131.22999572753906,941500,A,False,2024-10-29
2024-10-30,131.66000366210938,134.11000061035156,131.13999938964844,131.49000549316406,1550500,A,False,2024-10-30
2024-10-31,130.6699981689453,131.44000244140625,129.86000061035156,130.30999755859375,1596000,A,False,2024-10-31
2024-11-07,139.13999938964844,143.07000732421875,137.57000732421875,139.6300048828125,9825300,,False,2024-11-07
2024-11-08,137.6699981689453,138.6699981689453,134.94000244140625,136.67999267578125,1918600,A,False,2024-11-08
2024-11-12,136.0399932861328,136.0399932861328,133.1999969482422,133.6699981689453,6896300,,False,2024-11-12
2024-11-13,133.25999450683594,134.8699951171875,132.19000244140625,134.27999877929688,1103100,A,False,2024-11-13
2024-11-14,133.69000244140625,134.35000610351562,130.16000366210938,130.22000122070312,1971100,A,False,2024-11-14
2024-11-18,128.08999633789062,128.08999633789062,125.81999969482422,126.91999816894533,4076100,,False,2024-11-18
2024-11-20,125.77999877929688,127.12000274658205,124.88999938964844,127.12000274658205,3534200,,False,2024-11-20
2024-11-21,129.7100067138672,132.19000244140625,129.05999755859375,132.05999755859375,2882100,A,False,2024-11-21
2024-11-22,132.10000610351562,134.32000732421875,131.5,133.83999633789062,2067800,A,False,2024-11-22
2024-11-25,134.52999877929688,135.61000061035156,133.75999450683594,134.49000549316406,3355400,A,False,2024-11-25
2024-11-26,127.0199966430664,134.80999755859375,126.16999816894533,134.3699951171875,3443900,A,False,2024-11-26
2024-11-27,134.69000244140625,139.0,134.24000549316406,138.13999938964844,2336900,A,False,2024-11-27
2024-11-29,137.27000427246094,139.10000610351562,137.0800018310547,137.97000122070312,1183300,A,False,2024-11-29
2024-12-02,137.8300018310547,140.02000427246094,137.10000610351562,139.5800018310547,1702200,A,False,2024-12-02
2024-12-03,138.80999755859375,139.60000610351562,136.6999969482422,139.27999877929688,1714800,A,False,2024-12-03
2024-12-04,139.1999969482422,142.41000366210938,137.69000244140625,140.1999969482422,1948900,A,False,2024-12-04
2024-12-05,139.0,140.57000732421875,137.55999755859375,137.8699951171875,1994500,A,False,2024-12-05
2024-12-06,139.47000122070312,141.7899932861328,138.9600067138672,140.5800018310547,1297600,A,False,2024-12-06
2024-12-09,140.80999755859375,144.57000732421875,140.44000244140625,144.0,1547300,A,False,2024-12-09
2024-12-10,144.25,144.89999389648438,141.72999572753906,141.92999267578125,1261300,A,False,2024-12-10
2024-12-11,142.86000061035156,143.58999633789062,141.1699981689453,141.19000244140625,1848700,A,False,2024-12-11
2024-12-12,140.5,141.72000122070312,139.8800048828125,140.91000366210938,976300,A,False,2024-12-12
2024-12-13,140.36000061035156,140.47000122070312,137.2899932861328,139.0,1474300,A,False,2024-12-13
2024-12-16,138.6300048828125,139.94000244140625,137.0,137.6699981689453,1580700,A,False,2024-12-16
2024-12-17,137.5800018310547,139.33999633789062,136.1999969482422,136.4600067138672,2430600,A,False,2024-12-17
2024-12-18,136.9499969482422,137.57000732421875,132.91000366210938,133.00999450683594,1746900,A,False,2024-12-18
2024-12-19,133.13999938964844,134.27000427246094,131.6199951171875,133.19000244140625,2166500,A,False,2024-12-19
2024-12-20,133.22999572753906,135.52999877929688,133.22999572753906,134.50999450683594,4363900,A,False,2024-12-20
2024-12-23,134.16000366210938,134.69000244140625,133.1699981689453,134.60000610351562,1194900,A,False,2024-12-23
2024-12-27,134.97000122070312,136.22000122070312,134.97000122070312,135.5399932861328,1558600,,False,2024-12-27
2024-12-30,134.39999389648438,135.58999633789062,133.24000549316406,134.4199981689453,993600,A,False,2024-12-30
2024-12-31,134.80999755859375,135.91000366210938,134.02999877929688,134.33999633789062,719600,A,False,2024-12-31
2025-01-03,135.2100067138672,135.72999572753906,132.75999450683594,135.69000244140625,2200500,,False,2025-01-03
2025-01-06,135.60000610351562,138.33999633789062,135.33999633789062,136.42999267578125,1047000,A,False,2025-01-06
2025-01-07,136.8300018310547,140.27999877929688,135.97999572753906,137.41000366210938,1056700,A,False,2025-01-07
2025-01-10,137.67999267578125,137.67999267578125,134.7100067138672,137.47000122070312,3054500,,False,2025-01-10
2025-01-13,137.22000122070312,142.82000732421875,137.0,141.9499969482422,1562000,A,False,2025-01-13
2025-01-16,142.0,146.5,140.42999267578125,144.72000122070312,6435400,,False,2025-01-16
2025-01-17,145.8800048828125,148.4600067138672,145.1999969482422,147.36000061035156,3210300,A,False,2025-01-17
2025-01-21,148.6699981689453,153.17999267578125,148.00999450683594,152.57000732421875,2759600,A,False,2025-01-21
2025-01-22,152.8300018310547,153.75999450683594,151.72000122070312,152.60000610351562,1730900,A,False,2025-01-22
2025-01-27,152.22000122070312,152.22000122070312,148.17999267578125,150.9600067138672,5406500,,False,2025-01-27
2025-01-28,152.61000061035156,153.24000549316406,150.2100067138672,150.33999633789062,1791600,A,False,2025-01-28
2025-01-29,148.99000549316406,149.89999389648438,146.5500030517578,147.08999633789062,1583200,A,False,2025-01-29
2025-01-30,148.9499969482422,152.47999572753906,147.64999389648438,151.3800048828125,1496000,A,False,2025-01-30
2025-01-31,150.9600067138672,153.83999633789062,150.5,151.52000427246094,1886600,A,False,2025-01-31
2025-02-03,149.75999450683594,150.32000732421875,147.8800048828125,148.6300048828125,1637900,A,False,2025-02-03
2025-02-04,148.02000427246094,148.64999389648438,146.27000427246094,147.0399932861328,1290900,A,False,2025-02-04
2025-02-05,147.88999938964844,148.7100067138672,146.30999755859375,147.99000549316406,1348100,A,False,2025-02-05
2025-02-07,147.02000427246094,148.61000061035156,144.41000366210938,145.2100067138672,2700800,,False,2025-02-07
2025-02-10,145.5800018310547,145.85000610351562,141.8300018310547,143.69000244140625,1764700,A,False,2025-02-10
2025-02-11,142.22999572753906,144.1999969482422,141.32000732421875,141.75,1134200,A,False,2025-02-11
2025-02-12,138.77999877929688,139.8000030517578,136.39999389648438,138.0800018310547,2103600,A,False,2025-02-12
2025-02-13,138.27000427246094,138.35000610351562,136.05999755859375,136.4499969482422,1395400,A,False,2025-02-13
2025-02-14,136.99000549316406,137.16000366210938,134.30999755859375,134.6699981689453,1358700,A,False,2025-02-14
2025-02-18,134.50999450683594,136.19000244140625,133.94000244140625,135.1999969482422,2121000,A,False,2025-02-18
2025-02-19,134.58999633789062,137.49000549316406,134.0500030517578,137.14999389648438,1738100,A,False,2025-02-19
2025-02-20,137.66000366210938,138.5800018310547,136.10000610351562,136.7899932861328,872700,A,False,2025-02-20
2025-02-21,136.86000061035156,137.52999877929688,135.14999389648438,135.3699951171875,1112200,A,False,2025-02-21
2025-02-24,135.5,136.94000244140625,134.77000427246094,135.27999877929688,2037500,A,False,2025-02-24
2025-02-25,135.14999389648438,136.27999877929688,133.1999969482422,134.17999267578125,2607000,A,False,2025-02-25
2025-02-26,135.0,136.47000122070312,133.64999389648438,134.47000122070312,1539900,A,False,2025-02-26
2025-02-28,128.77999877929688,129.50999450683594,125.80999755859376,127.91999816894533,6321800,,False,2025-02-28
2025-03-03,129.0,129.0,125.63999938964844,126.33000183105467,2184500,A,False,2025-03-03
2025-03-04,125.0,125.75,121.4499969482422,123.05999755859376,2524100,A,False,2025-03-04
2025-03-05,122.4800033569336,127.3000030517578,122.29000091552734,126.51000213623048,2046900,A,False,2025-03-05
2025-03-06,126.0,129.5,125.7699966430664,126.5500030517578,2300000,A,False,2025-03-06
2025-03-07,125.9499969482422,128.10000610351562,124.4000015258789,126.6999969482422,2056100,A,False,2025-03-07
2025-03-10,125.20999908447266,126.6500015258789,121.62000274658205,121.9000015258789,3412300,A,False,2025-03-10
2025-03-12,122.58999633789062,123.27999877929688,119.08000183105467,119.8499984741211,3913700,,False,2025-03-12
2025-03-13,119.0,120.08000183105467,117.16999816894533,117.33000183105467,1984800,A,False,2025-03-13
2025-03-14,118.80999755859376,122.0500030517578,117.5,121.18000030517578,2978800,A,False,2025-03-14
2025-03-18,121.41999816894533,123.5,121.41999816894533,123.0999984741211,3430800,,False,2025-03-18
2025-03-19,122.55999755859376,123.23999786376952,121.30999755859376,122.20999908447266,1706100,A,False,2025-03-19
2025-03-20,121.72000122070312,122.08000183105467,119.69000244140624,120.27999877929688,1620600,A,False,2025-03-20
2025-03-21,119.37999725341795,120.77999877929688,117.91999816894533,120.75,3041400,A,False,2025-03-21
2025-03-24,121.87999725341795,124.43000030517578,120.88999938964844,121.97000122070312,1557400,A,False,2025-03-24
2025-03-25,122.5999984741211,123.04000091552734,119.76000213623048,120.51000213623048,1605900,A,False,2025-03-25
2025-03-26,120.72000122070312,121.13999938964844,119.0500030517578,119.9000015258789,2652900,A,False,2025-03-26
2025-03-27,120.0,120.33000183105467,118.7300033569336,118.97000122070312,2075700,A,False,2025-03-27
2025-03-28,119.20999908447266,119.66000366210938,116.36000061035156,116.69000244140624,1772900,A,False,2025-03-28
2025-03-31,116.36000061035156,117.7300033569336,113.76000213623048,116.9800033569336,2014000,A,False,2025-03-31
2025-04-01,116.41999816894533,116.47000122070312,113.36000061035156,114.0500030517578,2302800,A,False,2025-04-01
2025-04-02,113.12000274658205,116.23999786376952,112.75,115.98999786376952,1947600,A,False,2025-04-02
2025-04-03,113.0999984741211,113.9000015258789,109.56999969482422,109.66999816894533,3802400,A,False,2025-04-03
2025-04-04,107.13999938964844,107.6999969482422,102.8499984741211,103.0,3826300,A,False,2025-04-04
2025-04-07,102.62999725341795,107.0,98.51000213623048,103.58999633789062,3562900,A,False,2025-04-07
2025-04-11,103.33999633789062,103.33999633789062,96.43000030517578,102.70999908447266,16586600,,False,2025-04-11
2025-04-14,104.94000244140624,106.20999908447266,104.0,105.19000244140624,1906700,A,False,2025-04-14
2025-04-15,104.3000030517578,105.25,102.54000091552734,103.12000274658205,1326700,A,False,2025-04-15
2025-04-16,103.22000122070312,104.83000183105467,101.87000274658205,102.6999969482422,1454400,A,False,2025-04-16
2025-04-17,102.62999725341795,103.5,101.36000061035156,102.4800033569336,1769900,A,False,2025-04-17
2025-04-21,101.8499984741211,102.04000091552734,99.12000274658205,100.26000213623048,2321800,A,False,2025-04-21
2025-04-22,102.0,103.94000244140624,101.1999969482422,102.80999755859376,2321500,A,False,2025-04-22
2025-04-23,106.66999816894533,109.62000274658205,104.75,105.0,2236200,A,False,2025-04-23
2025-04-25,105.41999816894533,106.43000030517578,103.16000366210938,106.27999877929688,3110000,,False,2025-04-25
2025-04-29,107.3499984741211,108.55999755859376,105.77999877929688,107.45999908447266,2891500,,False,2025-04-29
2025-05-01,106.95999908447266,107.9499969482422,104.0999984741211,106.45999908447266,2975300,,False,2025-05-01
2025-05-05,109.23999786376952,110.33000183105467,107.45999908447266,108.37000274658205,2598600,,False,2025-05-05
2025-05-07,107.25,107.5999984741211,104.36000061035156,107.5199966430664,4104300,,False,2025-05-07
2025-05-09,108.0,110.6500015258789,106.79000091552734,106.93000030517578,3462800,,False,2025-05-09
2025-05-12,110.80999755859376,115.70999908447266,110.4499969482422,115.5500030517578,2873100,A,False,2025-05-12
2025-05-13,115.43000030517578,116.87999725341795,114.81999969482422,115.41999816894533,2845300,A,False,2025-05-13
2025-05-14,114.9499969482422,115.5,111.27999877929688,111.5199966430664,2563400,A,False,2025-05-14
2025-05-15,111.27999877929688,112.4000015258789,108.93000030517578,112.4000015258789,1873900,A,False,2025-05-15
2025-05-19,112.27999877929688,113.83000183105467,112.02999877929688,113.44000244140624,3898300,,False,2025-05-19
2025-05-20,113.4499969482422,114.13999938964844,112.66000366210938,113.4800033569336,2245800,A,False,2025-05-20
2025-05-21,112.0,112.61000061035156,108.6999969482422,108.91000366210938,2859800,A,False,2025-05-21
2025-05-22,108.36000061035156,110.19000244140624,107.97000122070312,109.68000030517578,2379800,A,False,2025-05-22
2025-05-23,107.77999877929688,109.05999755859376,107.06999969482422,108.52999877929688,1691000,A,False,2025-05-23
2025-05-28,110.75,111.7699966430664,110.13999938964844,110.87999725341795,4837000,,False,2025-05-28
2025-05-29,116.9499969482422,116.98999786376952,113.0,113.27999877929688,3837400,A,False,2025-05-29
2025-05-30,112.02999877929688,112.91000366210938,110.79000091552734,111.91999816894533,4753600,A,False,2025-05-30
2025-06-03,111.13999938964844,111.41000366210938,109.75,111.41000366210938,3248200,,False,2025-06-03
2025-06-04,113.36000061035156,115.29000091552734,112.88999938964844,114.94000244140624,2692800,A,False,2025-06-04
2025-06-05,115.41999816894533,115.5,113.63999938964844,113.94000244140624,1875900,A,False,2025-06-05
2025-06-06,115.41000366210938,116.0199966430664,114.77999877929688,115.8000030517578,1556400,A,False,2025-06-06
2025-06-09,116.61000061035156,118.47000122070312,115.7699966430664,116.73999786376952,2147800,A,False,2025-06-09
2025-06-10,117.9000015258789,121.16000366210938,117.12999725341795,120.5199966430664,3499500,A,False,2025-06-10
2025-06-11,120.76000213623048,122.83000183105467,119.66999816894533,119.72000122070312,2752400,A,False,2025-06-11
2025-06-12,118.9800033569336,120.0500030517578,118.52999877929688,118.91000366210938,1361500,A,False,2025-06-12
2025-06-17,116.68000030517578,118.47000122070312,115.56999969482422,116.08999633789062,4631900,,False,2025-06-17
2025-06-20,116.08999633789062,116.86000061035156,114.66999816894533,115.55999755859376,4604200,,False,2025-06-20
2025-06-23,114.9499969482422,116.2300033569336,113.6999969482422,116.12999725341795,1448400,A,False,2025-06-23
2025-06-24,117.33000183105467,118.0,116.56999969482422,117.63999938964844,1945300,A,False,2025-06-24
2025-06-25,117.11000061035156,119.77999877929688,116.97000122070312,118.62000274658205,1690000,A,False,2025-06-25
2025-06-27,119.18000030517578,120.54000091552734,118.18000030517578,119.16999816894533,3222700,,False,2025-06-27
2025-07-01,119.19000244140624,119.66000366210938,116.83999633789062,119.66000366210938,3538100,,False,2025-07-01
2025-07-02,121.0,121.58999633789062,119.45999908447266,120.66000366210938,1467100,A,False,2025-07-02
2025-07-03,121.0,121.75,120.66999816894533,121.37999725341795,945000,A,False,2025-07-03
2025-07-07,120.4000015258789,120.75,118.0999984741211,119.25,1459900,A,False,2025-07-07
2025-07-08,119.58000183105467,123.11000061035156,119.27999877929688,121.01000213623048,1917000,A,False,2025-07-08
2025-07-09,121.4000015258789,122.3499984741211,118.9000015258789,121.3000030517578,1806700,A,False,2025-07-09
2025-07-11,122.33999633789062,126.44000244140624,122.33999633789062,123.27999877929688,3652500,,False,2025-07-11
2025-07-14,121.83999633789062,121.86000061035156,119.2699966430664,120.08000183105467,2028700,A,False,2025-07-14
2025-07-15,118.0,119.76000213623048,111.93000030517578,112.94000244140624,3950600,A,False,2025-07-15
2025-07-16,113.45999908447266,114.45999908447266,111.86000061035156,113.43000030517578,2248800,A,False,2025-07-16
2025-07-17,114.0999984741211,116.56999969482422,113.25,116.36000061035156,1552900,A,False,2025-07-17
2025-07-18,116.81999969482422,117.1999969482422,113.52999877929688,113.98999786376952,1521800,A,False,2025-07-18
2025-07-21,113.2300033569336,113.66000366210938,110.75,112.04000091552734,2060800,A,False,2025-07-21
2025-07-22,112.8499984741211,117.0500030517578,112.13999938964844,116.19000244140624,1692000,A,False,2025-07-22
2025-07-23,119.37999725341795,120.79000091552734,117.4800033569336,119.47000122070312,1939700,A,False,2025-07-23
2025-07-24,119.43000030517578,122.75,119.43000030517578,120.3499984741211,1602800,A,False,2025-07-24
2025-07-25,120.5,121.01000213623048,119.0199966430664,120.18000030517578,1972700,A,False,2025-07-25
2025-07-29,119.41000366210938,120.51000213623048,118.72000122070312,119.83999633789062,2891300,,False,2025-07-29
2025-07-30,120.23999786376952,120.45999908447266,117.2300033569336,118.0500030517578,979100,A,False,2025-07-30
2025-07-31,116.56999969482422,118.33999633789062,114.47000122070312,114.80999755859376,2339500,A,False,2025-07-31
2025-08-01,113.4499969482422,114.31999969482422,111.19000244140624,113.5,1888600,A,False,2025-08-01
2025-08-04,113.16999816894533,115.02999877929688,112.01000213623048,114.83999633789062,1343200,A,False,2025-08-04
2025-08-05,114.80999755859376,115.43000030517578,114.25,114.88999938964844,1271000,A,False,2025-08-05
2025-08-07,114.91999816894533,114.91999816894533,112.55999755859376,113.9800033569336,2216100,,False,2025-08-07
2025-08-08,114.30999755859376,115.0,113.38999938964844,114.62000274658205,1129700,A,False,2025-08-08
2025-08-11,115.04000091552734,115.66999816894533,113.7300033569336,114.12999725341795,1082300,A,False,2025-08-11
2025-08-12,114.51000213623048,117.37000274658205,114.4000015258789,117.31999969482422,917400,A,False,2025-08-12
2025-08-15,118.48999786376952,120.4000015258789,118.48999786376952,119.1999969482422,3148300,,False,2025-08-15
2025-08-19,119.12000274658205,119.5500030517578,118.1500015258789,119.5500030517578,3353172,,False,2025-08-19
2025-08-20,119.87000274658205,120.45999908447266,118.27999877929688,119.11000061035156,1431900,A,False,2025-08-20
2025-08-21,118.48999786376952,118.6999969482422,117.02999877929688,117.1500015258789,744700,A,False,2025-08-21
2025-08-25,118.4800033569336,122.41000366210938,118.4800033569336,119.1500015258789,5355422,,False,2025-08-25
2025-08-26,119.2300033569336,119.62999725341795,118.11000061035156,118.3000030517578,1898200,A,False,2025-08-26
2025-08-27,118.5,119.1999969482422,117.51000213623048,118.69000244140624,1692000,A,False,2025-08-27
2025-08-28,118.8000030517578,125.41999816894533,118.1999969482422,124.95999908447266,3886400,A,False,2025-08-28
2025-08-29,125.0,126.3000030517578,124.11000061035156,125.66000366210938,7081879,,False,2025-08-29
2025-09-02,124.87999725341795,125.5199966430664,121.8000030517578,125.20999908447266,2412700,A,False,2025-09-02
2025-09-03,124.95999908447266,125.83000183105467,123.72000122070312,125.22000122070312,2497300,A,False,2025-09-03
2025-09-04,125.0,128.8300018310547,123.8000030517578,128.47999572753906,2715400,A,False,2025-09-04
2025-09-05,128.72000122070312,131.0,128.38999938964844,128.75,4899606,,False,2025-09-05
2025-09-08,127.4800033569336,128.4199981689453,126.27999877929688,128.1300048828125,2136200,A,False,2025-09-08
2025-09-09,128.10000610351562,128.25999450683594,125.8499984741211,126.25,1470300,A,False,2025-09-09
2025-09-10,125.91999816894533,126.72000122070312,124.01000213623048,124.12000274658205,1669500,A,False,2025-09-10
2025-09-11,125.51000213623048,127.0500030517578,124.87000274658205,126.7300033569336,1474100,A,False,2025-09-11
2025-09-15,126.41000366210938,126.41000366210938,123.12999725341795,125.62999725341795,6213170,,False,2025-09-15
2025-09-16,125.62999725341795,127.5813980102539,125.0199966430664,127.19000244140624,1710018,A,False,2025-09-16
2025-09-17,127.72000122070312,130.0800018310547,126.37999725341795,126.72000122070312,1921700,A,False,2025-09-17
